-0.3314846225980775
0.305293610179956
0.48962412050130527
1.1501155489340866
1.217617218974572
-0.19953721330532712
-0.6474941581367308
-0.2584925876459656
-1.4275089820640094
0.15224789425151133
0.07289458879450023
-1.4861677667318758
-1.3023972317127095
-1.5403891864661037
1.144783487076797
1.4749691221884
0.17239478744557013
1.1356303056863952
1.109875236842158
-0.35851577984830646
-0.8572206544592115
-0.007028669085860045
-1.1469711120155202
-1.2701287505150638
-0.11931513057327787
-1.0811643357242753
-2.31862922277833
-1.7027210634347427
1.553082476518989
0.7878575775280965
0.15503238958032192
1.6930325692700912
1.9956534154292054
0.6960986036710425
-0.39060808178844914
-1.3062882112494723
0.2280475324685593
0.2909981245218952
-0.45280649748859053
-0.6328028355288441
-2.2640079575609153
-2.543029718821072
0.7863670814168806
1.5449730448622243
0.1297175384157316
0.8829608104615011
0.8763702599943132
1.285571233518726
0.6205418786733912
0.09834307589742088
0.37745778367159655
-0.34917749292012423
-1.3758023071572256
-1.8230616078396213
-1.572426906054809
-2.3208268587977052
-0.3660880925430371
1.3324827249817508
1.2400128019744514
0.8347803387950353
0.5589733069232742
-0.059129316863476326
1.0306710380727766
-0.8241824709446613
-0.916440975452958
0.669313273394166
-0.06576932446973466
-1.9882564076697613
-2.0695025653362715
-1.4245041441029043
-0.2643279984618944
0.6328398986578185
1.2124984479518979
0.7360594748007456
1.2931094805709866
-0.3788630785066685
0.2784149255410883
0.8020890137861781
-0.2518365321699077
-0.07490013398324498
-0.4267833410005293
-0.12159968907973072
-1.3900831881688973
-1.3654020123413122
0.16582681201523397
-0.10468485245505123
1.539206444952247
0.324722693887094
1.2683078006222734
0.26244592176956666
-0.8968210477628622
0.8870217662663256
-0.8174221812576755
-1.0585530565554016
-0.4151039800037642
-1.3211532708856473
-0.48896935320871726
-0.7405075683853386
0.3495102649594332
-0.09359215668354989
1.2182553271476284
1.1707321234367165
-0.10856030442003883
0.7941535326515871
-1.0925179265408778
-0.27156678573408216
0.122164664854788
-1.1522645474958293
-0.7380756377982721
-0.26096851512457725
-0.9278112751744542
-0.6393366120015512
-0.1745828970828681
0.940871964673396
-0.6667657568365852
-0.7295823803978537
0.7002461774126201
-0.1502765837746719
-0.2805500393000145
-1.186669743867779
-1.0069981037593603
0.22296874789405582
0.0789770804555674
-0.47816512466605343
0.3440794937314272
0.5448544885141153
-1.0447233156150935
-0.2648587163325194
-0.8448509209993362
-0.7986198149280782
0.5992913161471933
0.06353963997727115
-0.19034459659389175
-0.936346822197275
-0.8262097308426485
-0.5605906806057146
-0.7546684526084914
0.19298329414239587
0.5445632706293265
1.503960017439479
-1.6003294577164258
-0.6135910149709564
-0.02721680647077855
-0.11355681317649366
0.5917114064341277
0.7607225699514812
0.155222109877975
0.8082792807079563
0.7891864856470482
-0.5929325651091168
-0.3416942870629965
0.3313324027236691
1.00050051380415
0.51437907613118
0.016690097965275763
-0.04144010742224227
-1.4598011089597733
0.18743428194588452
-0.8256034076113307
0.17073718596364254
1.111513809240253
1.6156736817521344
0.9586015393514294
0.8080349096997373
1.4771140377294456
0.14729218453204052
0.8270585816511641
0.9137113164148696
0.6157331788833764
0.19950267455609216
-0.8086595191807323
-1.0876020883220248
-1.0027470144897144
1.1763200212801872
-0.25874451489440586
0.19998296604271537
-0.1644325677360772
0.6903582304116254
1.7981879048451328
1.1507753176909672
2.5595838162876383
1.8325896139995923
-1.5455096766021519
-1.5617681375017942
-0.9032252647986957
-1.850938306900945
0.08694276924961788
1.316518158234465
1.085827404204628
1.3853792325106429
1.1860321980915587
-0.25750495855447386
0.40324167799801397
1.1032308826853376
2.043339163065201
1.2474650154089217
