0.7938770667907435
2.3586950927763377
2.09724508731776
1.3712290691265312
0.7762308108152793
1.0780910498629201
2.018461983635058
1.1166403189904373
0.6125754416858492
1.8682166558976037
1.7369319287413172
0.5441510887796833
-0.5845132378271262
-0.9993443374041944
1.9529943487317711
0.6878728381598884
0.5205222022355308
0.9417751934852753
1.7030812149503078
0.9302425658694539
1.4489972990978768
0.3685973937239509
1.0758586983582858
1.4132107457295309
2.4270443152466856
0.4878026597819083
0.3712520176432634
0.6543992909234091
1.2472371309810062
-0.7859508060940651
-0.2564231680699342
0.5751387895950113
-0.7202338771986694
-0.22017327225234565
1.5252721807040317
0.23832623969779942
1.1390606120188238
1.0570551263664554
1.3793187735804537
1.274567301398072
-0.26285824898050797
-0.9570992145553198
0.14181991513263623
-0.11275691950042407
-0.869216453471026
-0.02794477118746445
-0.18281679186144736
-0.5591973598168383
0.5060978335106492
0.846443361806416
0.5668985868143807
0.7886749770583059
0.5381736226362515
-0.02639063259117162
0.663173412061705
-0.5999196286523366
0.385899484892533
0.13924207218163265
-0.7217841826043689
-0.4976913473158032
1.238957303975871
1.350689405783162
-0.6983246698511785
1.3615830561643083
1.4332160097597795
1.3339034009411057
-0.3202706348982558
-0.9037369256274312
0.17141358964112616
0.38137331017321896
-0.362511764689172
-1.055061999144017
-1.060106615663203
-0.3683123285380026
1.4798357788861054
0.8815600551499014
-0.6174675672438885
-0.02954106510494337
-0.122888446609459
1.4016525984753414
-0.181977345167815
0.4393231595067271
0.8349655375547342
0.9688609228017727
-1.2681839503892791
0.2629550025934096
0.6269417471238643
-1.1465614686157537
-0.4286043917631211
0.520679215038685
1.3381905360097155
1.5369766755995924
-0.2802159708618315
1.2875378914195519
1.8699503452240607
0.7592346962532559
0.00228357740453843
0.7349636335449029
-0.6564636598805211
-0.8529306909725977
-0.708202950251977
0.20800150587530492
0.9262021741664296
-0.42156896244489134
0.09030111423979821
0.39794589433095673
-0.06400122526895294
0.7812522517821721
-0.3708513577554125
0.3735970167634998
-0.7956360295669939
-0.7458457817637228
-1.4095617508016163
-2.2907668996872865
-1.1967462419079846
-1.3548983293746013
-0.3576393287443539
0.5925776007908005
-0.884115582824152
0.9125039421764435
0.7522894903136902
0.28411963372893795
-0.6837097396410277
0.12273107108255854
-1.2121268931110916
-0.37207896946193886
-0.16177949894977572
-1.1107065733400223
-0.28941063486156854
-1.212667198618805
-0.8398236067811787
-1.1130809685253609
0.3282465919508132
-0.5444414806795311
0.7291572508650205
0.1895953290832742
0.2073275508241635
-0.652556893590068
-1.3210849718283926
0.6319367957272104
-0.914576276944661
-0.34341767947750423
-0.30458448563015283
-1.6279310128726332
-2.5836251329264903
-2.8099332701276647
-1.0175050460179162
-0.009752100490099471
0.539794642947669
-0.9169249865222089
0.12024832356123856
-0.8161809904196518
0.5853487016078109
0.1733246630442127
-1.6350988491421174
-0.5097722823658358
-0.8339262608886605
-1.1002746406587953
-2.366735722389286
-2.0461590572065864
-1.5177688314519882
-0.278180114829389
-0.07983143066323968
-0.7994304069958434
-1.0618803098254723
-0.8663891097382597
-0.6037794363999053
-0.14485131599719292
-1.7513544566683972
-0.10542512390918196
-0.3723918744985646
0.3381573322211752
-0.7015478593121034
-1.8304933842781792
0.019896264650173787
-0.10902024494589052
-1.0071844217960486
0.04162588358130378
-1.7462215615882157
0.5464451080989133
0.5752153012190562
-0.1163323397192451
-0.6693754375110814
0.28473359765780953
0.883909171321659
-0.9323067344200425
-0.5219242486948639
-0.7570377337148039
-0.7575870986307669
0.435291337510594
-0.11473361048217204
-1.23645310000642
-2.2722552180820634
-0.7775902941326045
1.171633148588579
-0.010332830972384814
