-1.763959752216665
-1.6554550481051213
0.34795197661293226
-1.1039251659247609
-0.22502578439487694
-2.018451092024044
-1.8623790023643414
-1.1446669847864404
0.3232513173000463
-0.09187666724660555
0.5771685250164749
-0.7688585063025692
0.8866561137680241
-0.6045589408175572
-1.2806570200372884
-0.8017845416201997
0.07722512211010156
-0.7022480350493522
0.5057559436848236
-1.2798957640530588
-0.5503049868943277
-0.16548022623772082
-0.7413364051874161
0.3207711677143536
0.7363353069110432
0.18797727648678464
-0.7169961294083366
0.017545121498424434
-1.150166718084837
0.2830104709118138
-0.6977643229712279
-1.594749188488642
-0.3689584944063233
-1.5374257125930486
-1.288036312093748
-2.114643245143695
-1.2799191503158849
-1.2470563107349733
0.6227905127371216
-0.7421660108598042
0.3453293692378471
-0.16907308538179022
-1.3321368184410254
-0.5795358827178901
-1.0453252111067182
-0.2066958859890197
-0.66468404538496
-0.9263942304272907
-1.720590389000791
-1.0014994910652306
-2.328456294066413
-0.927627189098471
0.6094720000349049
-0.5447286897690861
-0.48982205101188375
-0.7132066530401366
-0.9544793913083275
0.581700848167376
-0.4060225489792304
-1.2601466272157718
-0.5852801437720555
-1.4663764955691265
-0.1904208942990074
-1.1470996864488947
-1.556212043671474
-1.6410302202243316
0.20150151221601517
0.23696563158110254
-1.4587199308943244
-1.0534233299838756
-0.004371551600223054
0.6041151360685298
-0.4880872944249054
-0.32679661307376584
-1.1114970574769125
-0.9024360450876354
-0.8018017191285831
-0.5951391138728531
0.4021587749991399
-0.006306492759524596
0.30770701206107326
-0.3761420355343716
-0.5922891555323062
0.34695294345318506
0.38586021205703874
1.5093060130807292
-0.020671173141362034
-0.3178024530725368
-0.40288365621478883
0.42487181561879206
-1.4922283708654058
-0.15802343805044639
-0.48908906900797233
-0.21724784834616054
0.698384421056389
0.0621684485144192
-0.8029695897363357
-0.5617860551434075
0.4835726475354593
1.1361776910279
0.9728116797362382
-0.8817728056153016
-0.9226080627174078
0.2642592491811322
-0.3660711945412902
-0.4304105966603209
-0.8642509418731767
-0.6143110997949345
-0.03948674280054339
-0.061090487649273405
0.028948955713524648
1.1560961126225417
2.3801173450749684
1.7266427780654738
0.8698312186972189
-0.4176723176643589
-1.1385626363644568
0.07583350353846989
0.9351941520085655
-0.21131172128218367
0.6743568546104745
0.8113783900095007
-0.6582220572726136
-0.6998943393372817
0.5087801173922942
1.0282231986486794
2.750925139262116
1.2233525335600348
0.8749502409987747
-0.4222778908493256
-0.762596405392236
-0.3682436251498224
0.6579119831126066
0.5010707450457382
0.8017384741941869
-0.4536533090312587
-1.3350844481601085
-0.6175545779455355
-0.46120708413669975
-0.9675376946595059
1.7497469338432288
0.5639313736317758
1.474382363616228
0.5407763854134864
-0.6132167279177132
0.4820397417085455
-0.3202460037173665
1.5124541622824539
0.9468027374306195
1.7390151249756822
1.0358368425000664
0.41838706006213716
-0.4958939178239049
0.9031283826268952
2.212348656729422
0.6901663055416979
-0.18831204113143632
-0.04326537397743783
0.21237970350888297
1.1700968442706563
1.694159989480172
0.898916772532589
2.0953624665384893
0.7836364559799253
-0.4859691193797705
-0.030210734186533778
-0.47511383151820963
0.8139862519548379
2.2974457891410127
0.48338848726222117
-0.49843986546653624
1.1298430733924658
0.44961476578761894
2.1649660182864863
1.8002254455043973
2.0867082507630643
1.2609823234900996
0.013762330250191227
-0.004732601125372282
0.6795561848535183
-0.1868955423415007
0.4377608528234905
1.2529873750059783
2.1803616298649002
1.1607872916865718
-0.13207628119021916
0.6499393336653162
1.087430486509692
0.5295549580364737
-0.17993004027339313
1.8623505182252578
1.5027863041935647
1.3792162281537401
1.0773444720705239
-0.03119073223048427
1.0249416539482918
