-1.8001440319126987
-0.7746790134454028
-1.4627234836910643
-0.47222502023889495
-0.09062607218810521
-0.5029166346781285
-0.3894523869214454
-1.8935179103992945
-0.8155212673978219
-1.4594216511370737
-1.722101180080085
-1.1546186480638652
0.04289750769909547
-0.25724410670997144
-0.7755052254371843
0.7150244683325107
-0.6569939721003001
0.4939776369865912
-0.4197055191768085
-0.5044566277860141
0.032784919445663675
-0.790017765258682
-1.9286970907921888
-0.5092770713732162
-0.9807344542091648
0.039809696930881364
0.8165887445020911
1.2871845908593875
-0.607404471210996
0.5666625873042302
0.08131224969093274
-0.8895076477378856
0.08826190134838834
1.1619379534509813
-0.39038074808702694
0.2232959458016291
-0.7233694297806182
-0.5350761844901656
-0.829706167184113
0.08944542952081236
-0.28379138809811444
1.5595777272223468
-0.7513108502237457
-1.399057789941122
-1.2557082712338177
-1.322080314278805
-0.9527036514497682
-0.12189502480714602
0.46392132236560485
-0.6535968773002823
-0.8552335099063523
-0.5648726372344952
-0.9341532796021095
-1.3071526964264655
0.3565323948569574
0.3013545359372203
-1.358763310808379
0.2749796197123101
-2.123641757080737
-1.291000611326747
-1.1489745997329799
0.7154415489846409
1.4648379146889579
0.8234594011282729
-0.28960521002856676
-0.37915530662344105
-0.6709810254635897
-1.3776096562391524
-0.22257179242461492
0.5517958716144173
-1.0758667502574377
-1.5590319704678373
-1.4204768666788883
0.23483893581136883
0.2748676273575623
-0.36676726321936987
-0.6451856166761188
-0.33823875466636555
0.8784049472226072
0.2705135856387511
0.5430680462349511
-0.48214690187053433
0.8155196563380308
0.8067946517735917
-1.5920179239846102
-1.1622224441507183
-1.4081315126139318
-0.5416398505209281
0.5777847299347447
0.6932831764553399
0.24957047868672225
-0.6666269265335686
0.1340621147225325
0.04592749555235349
0.6678990734482956
-0.7683409823574495
0.03700386248185867
1.8076248433487878
-1.3854889660510832
0.0013676453212005915
-1.3800135370226332
-0.5929184177093083
0.27013756647538717
-0.4391954865912938
-1.2477411972286687
-0.20431719020207478
-0.8317008329903935
-0.7570975343905313
-0.8826549001250232
-0.5336132218603472
0.3952356549200328
1.816237129864175
-0.689738232000058
0.6312183883940696
-0.25852311415532125
-1.6394633453204235
0.21189319089497122
-1.5455144299367696
-1.699074962910466
-0.21715850156099706
0.7261162366467591
-0.1684386060450514
0.2407342718175541
1.44779737258741
1.516714898439031
1.4759398828569246
-0.01102215682721311
-1.1758324645644298
-0.9723580062614141
-1.5861367216955198
-0.6216046996533346
-0.3449105794262712
-0.8892099905684452
-0.686484739394948
0.021471368524424408
0.6251458721048883
2.181256431483808
1.8488210607745854
0.9760222583376641
1.2809849778793763
-1.0437428272377542
0.11085512205647058
-1.0276753748278542
-0.9255951387515655
-0.668867210151448
-0.1361571366021117
0.22443093321129673
-0.5780146470599972
-0.5077050903169408
1.7926747452487755
0.29383991117930425
0.9164402896148806
-0.4063291572488885
-0.09536675372578027
-0.26870935558719516
0.06295552831698198
0.24462687593417787
0.3821309301201986
1.0627720693912013
0.4605752787736656
-0.25387013856229496
1.2114197782854652
1.633138826506416
1.2005341373301033
0.8600147942096614
-0.39693090293992284
0.9380286719674675
0.4358555146548966
0.9407261280585292
0.7603004555884427
0.6289781469868438
1.3424894773973497
0.8791903402140331
0.5654655390169481
1.788156722085461
2.0413432821754256
1.3305109146278142
1.8266394698781947
2.337855331454511
0.6190516983086053
0.31504361765234945
1.8084582903764268
0.7698681423781963
1.2026833348379762
1.5739236921996376
0.8478697438123769
1.5004408173067205
1.2295563908024039
0.7090949810878213
1.512673517246694
0.6478504557392052
0.5749157752662275
1.3277053442622397
0.7501168472072473
1.8383952539115258
2.3408141558263713
