-0.1896148790043363
0.6195324916730007
-0.1232041242203491
0.13551561203979773
-1.4366216352608026
-1.0945735303804442
-1.4739608487706473
-1.7008423634797774
-1.5226298064704726
0.024196806707220457
-1.8541933125571688
-1.8914959342207354
-1.4909114005229873
-0.8250268433962827
-0.8967838522971737
-0.33403931706965423
0.19613441231399711
-0.7505626652201025
0.0855709268363109
0.001303550615951741
-0.005924184984994871
-1.0463396521033625
-1.952185669730249
-0.5087937193010037
-2.1929025149134813
-1.47692745944455
-1.7579645985357581
-1.3096062083791296
-0.6116991408194161
-0.5617660245724182
-0.5546255776620456
0.7944841374594812
0.25269882698550505
0.0530713174307573
-0.9914690001014828
-1.5124238164805222
-1.406918424679348
-1.089070269470973
-0.9719341106620919
-2.233276357559
-1.3324099929524358
-1.6148007757604166
0.12826779559001894
1.2374248177632978
1.2245402358777968
0.8245117124833723
0.9545794632901231
-0.42803141092292957
-0.06217052563951057
-1.2849219514055634
-1.215062482824257
-0.5109847328364172
-1.541698381121067
-1.1032788546863295
-0.2541918631259902
-1.890240901020083
0.4519078076590346
1.5457460526758982
0.6814318863085209
-0.2804658531504726
-0.5027469223103809
0.12117451340381427
-1.5742112610440586
-2.0479483752493883
-1.2986486738743168
0.41223866625137284
0.2829721375042382
0.27127008851515444
-0.6494708166883414
-1.0757305158279094
1.0476935542737442
0.5945013477542602
-0.6567391516006533
-0.7806297562488725
-1.7836783120073199
-0.7253966479616956
-2.090390886395143
-1.1176183409697635
-1.58306513917982
0.5939638333773406
0.35936183702798524
-0.1857251869602741
0.14318364260121083
-1.1213883614764302
1.7812635321340646
1.5718708284799023
-0.17769720427722238
-1.207605129503948
-1.3656279584648767
-1.6126270641416296
-1.5003283073230211
-0.8081121893576934
-0.7654893066573989
0.004307243709577901
-0.03733025562885098
0.19338859235174957
-0.9747025899881656
0.2397948715078082
2.005762490089474
1.4853186948765524
0.8931679889647078
-0.4555136048932597
-1.1357692610781105
-0.40784138009326626
0.18576964549045608
0.20754394958049027
0.09581203850183329
0.5261448431015191
-0.5510811970637202
0.36199527813045246
0.4630335101994149
0.9213955307838531
1.8131743261258189
0.9495630632936967
1.4321421552038178
-0.32617848843281777
-0.5048012150122048
-0.03236727036186341
-0.39996029621309315
0.9003881949055632
1.6181770164157172
0.06627098235058114
0.7469132621845541
0.37139618460721513
0.40182877700943065
-0.3990350040958243
1.9689514041483986
0.8780033078701567
1.792437078401476
1.1405625027697963
0.21533405635977262
0.8864616527804411
0.13198844051639957
1.5284838850617453
2.2723066601623563
0.9402941797456822
0.41335321810021086
0.7043856325862553
1.1957384760613103
0.6413974919369555
0.8158401801234274
0.6660326312051337
1.0861826858747112
1.6702473505793667
0.813855174822235
0.5295631009605062
0.6160219628775352
0.3901458362863603
0.989327638587814
0.45154289113419344
0.9389195912366667
1.1349527422430836
0.30691195297558616
-0.10981575024116372
-0.04017953393531341
0.9500036599254819
0.1879140375054534
0.9426915259152305
0.22551429296650372
0.09378172625049601
1.0794046133940447
0.16944604973832092
0.5016646379830869
1.5256590952586695
0.19074533140244052
0.06370447916426503
1.2989443431127172
-0.19269696479292509
0.38634977943736143
-0.24101564738739412
0.11367637635802352
1.0283562129189339
0.2421572509659339
-0.28324935073536167
-0.4499331523956407
0.846873619733555
0.41068141719051604
0.6308579443425759
1.2834808637668724
1.026630534639786
1.0106184760879453
1.559382880663526
0.17698056843369642
0.3397452156951521
-0.29832476801738433
1.3246145763962154
-0.13223271286502036
-0.46195658875983725
-0.32714085181538644
0.059984683469733444
1.3411154978430604
0.606058076637464
0.7976901285971236
-0.12076908962179791
1.4371221610226672
0.554523192022841
