0.06111147909082157
0.7469608796230577
-0.5183189772446888
-0.4190153524693023
0.06694082594896084
0.19644939077223605
-1.5791322603101232
-0.6825749863057893
0.2247800847084972
1.0493646511391492
1.3051412076848339
0.7975517392901952
0.5923185573030784
-0.6827596159774685
-0.18815841967447738
0.23618113016527295
0.9892747371586718
-0.019034724015882905
-0.9899386596590942
-1.156694818464832
-0.7010208461216035
0.22309799775528644
0.06251514753714943
-0.25437301411119384
-0.439604764862318
1.008169227513767
0.9414032214309158
0.028464956774733974
-0.3117582062521498
-0.08200687424834786
1.3387207448064014
0.34977595891607216
0.8766625107019063
-0.9046070199590701
-0.39462593002459123
-0.9434714465069706
1.0329579657491046
-1.1586364412254833
-0.44916556088908216
-0.7476296283506241
0.2781504974739713
0.6583866067961308
-0.02707424495584099
-0.9765122808166261
1.5031529025479646
0.365537534207427
0.5245625614254987
1.2684128114511453
0.16779296076006384
0.17632593249450706
1.4369780199937459
-0.24582798387233482
-0.44439905571032257
-0.3634193508384807
0.898034081064627
1.2578065424516711
1.5104803939942146
-0.15284588868937318
0.8434410594539112
2.2956109143788566
2.0844344839948175
1.0163075491139344
0.6400573770906669
-0.377607600434536
-0.18088990329381271
0.9163210877430523
0.4160595530230253
-0.3610506547684567
-0.35775160208321855
0.5581019986735956
1.9106140107013827
1.599588061536979
1.1719438675275442
2.540491119044951
0.9942885901436798
1.6559913372650887
0.008815200370741516
0.3291742882854076
0.31241012146124814
-1.184879016037208
0.1726953896171138
-0.8250233814619151
1.4216865184095908
0.9003355818606646
1.5762167077235216
2.1722915898628443
0.8533032533165209
1.591407541817126
0.002707559066740462
0.12714655093060448
0.2349596497384588
-0.4932131430829616
-0.07353515634136397
-1.2330523444909518
-0.5757653904733115
0.1347338574672756
-0.07036849598415246
1.1928235694927585
0.8630075346756874
0.7572016970696784
1.936777657679972
1.9527567807632562
1.0987843274480196
-0.5949513580776125
-1.3813419632560195
-0.23709918043859865
-1.1050538441542976
-2.779059173571389
-1.2144386192122154
0.7415583715265689
0.4629403555374017
-0.6809847128132859
-0.606509584666074
1.0024975374838
0.9194205177864071
0.6828724520183626
1.2510933617439095
-0.05862833445707085
-1.6545960987621133
-0.07474300025966024
-1.0664211700718
-2.161966349716427
-1.5948171555193187
-1.5362797639262784
1.130302152706537
0.9782162240760954
-0.8326983072347044
0.5315377698468091
-0.05220512526844599
0.2046637251928627
-0.9066725009987292
-1.637640865729403
-1.6595850038234194
-0.045034318914474895
-1.3357492930343522
-0.1854693318190599
-1.4383270321326564
0.3362052737694617
0.22116038930227794
-0.7286939259138573
-1.4523968166557364
-0.2945208938957851
1.3109943663092745
0.49105535872456035
-0.6441303787027514
-2.0772813847374767
-1.3806361542914638
-0.735448823857119
0.22738883132607307
-0.9336030466482875
-1.9230729239577984
-0.17657215391464062
-1.1855175859577596
0.7009363934703933
0.4325544301961098
1.411065304043868
-0.1352235993650663
0.25554824961538314
-2.0486636631584108
-1.1519630274148238
-1.090416196468036
-0.12630083160507946
-0.7681882945770356
0.6198232400645385
-0.8376463028013243
-0.042386905103585906
-0.1187207543311755
-0.462037222034399
1.2075560413609727
0.3644929037503331
0.46254638513074975
-1.1075592085745405
-1.7541912139864935
-0.16465819858798023
-1.3259399243151253
-1.4369055017268892
-1.4741048346286791
0.33550485549655823
-0.022393128311771534
0.42788917038701824
0.7555532086662713
0.5758021034112284
0.09932795782542264
0.8613325781446133
-0.20428504416723584
-1.2748379407392032
0.047426053648477975
-1.5477753428369823
-0.4038462478684116
-0.04095077513788807
-1.5717701562978148
-0.9077389276325514
0.20458259057790812
1.0548011423362376
-0.11262088721601426
-1.6955855956717032
