-1.3672656932477267
0.17286542115044165
-0.4933059978743708
0.4905978076797564
-0.24178984003017281
0.19282322981898165
0.102151404818531
-2.001106022101983
-2.6753495481678287
-1.927446558385412
-1.1077575343706954
-2.188499688865476
-2.190098941867874
-1.5861195087853053
-1.2722480583957632
0.17916175905279857
0.26391629234102726
-0.7494033609950922
0.31319272086162203
0.24877064215290384
-0.5012763539407429
-2.172496275156894
-1.9309418534867344
-0.6343256022878124
-1.7756894126197855
-1.047955599890337
-1.98840719062178
-1.0589003661811942
-0.543516733464884
-1.3050365480240849
-0.6150755233835048
-0.8511684185715743
-1.7286189924858175
-1.5589633784893118
-1.3757153786745282
-1.351289342446817
-1.5090035795171968
-0.8612604221540214
-0.689381440445344
-1.247491084482062
-1.990913690668888
-1.1456266234277428
-0.9961090755660437
0.2086444993870383
-0.024496264328278686
-0.03642707135587699
-1.6058439655364678
-1.3270956239381904
-1.5254773279472913
-1.075431742622282
-0.0858448905091309
-0.5874628851855394
-0.07686127014199963
-1.0388052035305795
-1.516720729548641
-0.33990714717849196
-0.36637322402060907
0.21147221664165727
-0.44030020537958525
-1.6499204010614827
-1.009669180880444
-1.1943755890564167
-0.6176334914539127
-0.7481001075367094
-0.8507773284829108
-0.6986598159596552
0.408059242903302
-0.263391969668086
0.47173747997024684
0.07997596367041347
0.3629443615166364
-0.50082420685517
-1.42161615357862
-0.3396109670811738
-0.9135408060975297
-0.6158066023383335
-1.2535878089171713
-0.005821204360898379
-0.3338406868851751
-0.7602158808855228
0.07302303688774432
-0.04588687297127323
0.5691166307236663
0.46219802384346276
0.09887072571873542
-0.539319958979076
-0.34844037448245224
-0.39917299105139864
-1.4009920086749255
-0.03140502009314573
0.5660672864943683
0.4795324394230702
1.4045930489792333
1.205405047039206
-0.21389109113053786
0.625564372328955
0.9943113079453023
0.5919172481169612
0.1749178110946198
-0.4243600716065494
0.9385273236125894
-0.7353302760999016
-0.5097630790569389
-0.8149874869038084
0.45203806283596365
-0.12034946962172643
1.61989475564329
2.2333304241074394
1.1854842002060815
-0.18502860353157985
0.9175966586712204
0.4652347498790986
0.6113649172599307
1.171596428331225
0.3878208308023991
0.8592161172176506
0.33119760827330363
-0.20338426154383413
-0.14044325194627316
0.4438003970581646
0.018583249217214586
1.2821226219242037
1.7472407122654694
-0.002648203219326532
0.21938369161645485
0.42078549174910795
1.2969939782756692
0.5457517539366377
0.3105481082200944
0.505892060023712
0.7657452158784417
0.33556390448526874
0.18942138598699204
-0.14689575272827946
0.7056941702666131
1.11725694974479
0.740497196440341
-0.018516711733507454
0.1763475652914209
0.5434867928420388
0.0018232422083306458
0.5682061563337442
1.4395122821616118
1.2463255609545139
0.5238245815114247
0.05937250574400541
0.6191999747446496
0.573048560859092
1.1514926022573007
0.3066551659283782
0.699858800436743
0.9064610537112564
1.499926661914917
0.5797548774792447
-1.14128750271695
0.7424089027131485
1.2167646903319942
0.751512926098307
1.0302325102936647
1.4495357650865894
1.166176347832594
0.8341605632008503
1.0560499932369714
1.8857577484681556
1.5448638503604952
1.9581556095343682
1.0661097693576882
0.3458775892529236
0.2710843054919383
-0.7898073559545378
0.3516533808609945
1.2580345679160652
1.5086026832145027
0.574879457775826
-0.5243342333059652
-0.06383797468101521
0.8278735969489841
0.9139728429679368
1.7137725151614023
0.38676273833107583
1.477371197822023
1.4182943284651592
0.4079062222167426
-0.6995338153829461
-0.45102105567009454
1.125453504418116
0.27926928159781517
0.764462412142911
0.21403758279629412
0.07845641889178337
1.2698192980314496
1.344309601127602
1.839336763561342
1.8196654851721812
0.3064357728363331
0.9898612220981118
