-0.4039486576392899
-0.8314306558781177
-1.595040428204666
-1.744693632895237
-0.948600202488405
-1.7304326142406112
-0.6210460074410163
-1.3897883087599927
-0.46544195927117465
-0.813634768906908
0.30917809470170776
0.3311553992414154
0.6849393143508922
-0.661685506145657
0.4014909213786456
0.05444144035422193
-0.97622727798307
-2.4183789732717114
-2.205083261653393
-1.4785058864866236
-1.3369221730033964
-1.423912504875366
-1.4873837981012803
1.1498752030163113
1.4884910907071993
0.45852043365202566
0.695062211589051
-0.4312664077885453
-0.027361101824529437
0.022177527723541583
-0.8989849596160281
-3.007473763782004
-1.9886875917776825
-0.7690144742491658
-1.2872102113749284
-1.2610505366049074
-0.41839027765699094
-0.12675524785313752
0.6735727098562215
-0.24060039239340167
0.9354348502463485
-0.5735368326541953
0.07683837183707842
-0.8332076258950627
-0.2134022526936143
-2.5520850897347693
-0.22130356479433966
0.1387683623511631
1.2460508218948514
0.36794242320345855
0.2897659946932503
1.2163899060562564
0.49490202075472156
0.3575333938140173
0.8875954054728349
0.33902208028250225
-1.0987804825615701
-0.2778581741398732
-1.229030356789738
-1.817448635233631
-1.185216090451554
0.3167143238705497
0.9733560069285357
-0.14825413577868887
0.0823951863113088
1.1197296549729503
1.0001323561670492
-0.05127105004618356
-0.14017666954036243
0.2633062048194823
0.1493644545309731
-0.4648305659825752
-1.7324670483805993
-1.8138366186478714
-2.1302368298199443
0.33601260738080263
0.18578746004572352
0.32031129685293097
0.811792701308797
1.4527333385991077
-0.24608390920310258
0.7738919910459348
0.36421028522355836
0.509954898963568
-1.0918792817515648
-0.7765500594356143
-0.4876363519889214
-0.27525495190536636
-1.2764263018501685
0.10337116049318554
-0.7424685450633626
0.6064117820076318
1.9664210511241431
0.6681921658854055
0.381693507877834
-0.34807867556904826
1.2745819776323715
0.9220064873088921
-1.5170230445989257
-1.5757791433437909
-0.8527247300578344
-0.6492740060707022
-0.33496790595216547
-1.4406139726147966
-1.4944347809854976
-0.15392735323001028
0.4798515385271214
0.158818725357631
1.3055089345665196
-0.5072345158118395
-1.281043849258419
-0.8730886460838725
-0.42750174201242425
0.4874941814912753
0.3577829236175544
0.05594370802959867
0.5527624397734311
0.5356869703463604
0.015520375881621348
0.6117513586096309
1.1511284639439703
1.2365725700716588
0.8059327376851346
1.2134611136575475
-0.3501671543454541
-0.9645432478855671
0.5465749924616404
0.8950689376012028
1.8635765055822118
0.45882399799213625
0.9551378386670636
0.1475356067357715
0.39214446463325225
1.4388443830842803
-0.04193040404158865
0.8574320276342203
0.6634263386851971
0.7268588051228151
-0.7873295350801393
-0.6634021265165561
0.16816268291991782
0.2483853803795316
1.4015658582802417
0.1996438696610304
0.17344728473277485
-0.1257066215975437
1.6034509704345479
1.4881799956647506
-0.4105596263670761
-0.178526096230672
1.231129524528828
0.01413763560732235
1.070752108580252
0.9718686014711597
-0.8025065324339377
0.8034183933622181
1.7050474360454808
1.9744564481598885
0.7799313975255966
1.0129696739175327
0.5882831756109477
-0.7001997834851094
0.4752637198552316
-1.0483025928622915
0.9586426839129837
0.884307259324583
1.2579033086056601
0.40175970243197
-0.8095888589856476
0.9588050117359235
0.8997745934401508
1.5113359548472067
2.0488224682991736
1.5110320134512498
1.278908657643631
0.8426417708219744
-0.8369899597125534
-0.6668074910889982
0.1327620093830378
-0.7549087611558015
0.5442013266819229
-0.5330738635985068
-1.4749536342392624
0.1497649007473646
-0.11456371246594668
1.0598796202742757
0.624314608857962
1.1841356206096343
1.7270091892554913
-0.48284565566558324
0.5571400223411025
-0.7881189477433838
0.6161265377219718
-0.738712043267375
0.4083724942301134
-1.4852707067736852
