0.5635183611449895
0.05627632306743885
1.2206931834222827
-0.2695225537020217
1.2774234511472509
0.3001765549890662
0.458174611669296
1.2113157495956763
1.837094140600128
2.3116655974472082
1.9089067104824935
0.5245727300720137
0.8500149761635146
0.8222649460408165
1.643245266371183
-0.036660315756393794
-0.22402524471832752
-0.8453110689939365
0.23522411288432798
0.9742924947821944
1.1319347674163949
1.5207355876998936
1.169429075250708
0.5454403579733005
1.0218961049766653
1.6713288932800774
1.1605915759687935
0.12791923227679367
1.0921969236711695
-0.0710094460278541
-0.18307704095061403
0.2809228994861964
0.48795805639433787
0.10162994558997296
0.8961643506405363
1.3820559061167248
0.013570076183457498
0.5120207972658364
1.1672900590194728
0.1421199873942966
1.0311597896448874
0.15775101282167703
1.2166710717376132
0.9913992120681511
-0.12738379067922823
0.2018223389362654
-0.10130995357873747
-0.05992311672654194
1.3375983474179565
1.1362507345047463
0.21515567683258763
1.348346724828006
1.2228325377918121
1.4010780903855589
0.9325987119734646
0.664041485427989
0.6600772884426358
-0.09666686214677542
-0.4082344144094262
-0.8934802036955838
-0.3972789243211013
1.016852630932536
1.890890670272617
0.39390347911596946
0.42152705009686126
0.38102656181498185
0.45849156604436353
1.1359065588217911
0.009334990336094699
-0.05141715320758756
-0.8824639215586473
-1.912224262002881
-1.2738950830792644
-1.029894072555696
0.5255327104060169
1.6980421172175928
1.1525343065964524
-0.43250955323940943
-0.3487710717795489
0.9558973456180825
1.1342451265924058
0.8857919197289087
-0.20526512167380054
-0.6986367381527294
-0.7670358529094015
-1.9677223342155428
-0.33400199120153107
-0.3708731974185442
-0.7308487214121356
0.15917797093370303
0.6245307772672051
-0.5167240499886631
0.004510737274560907
-0.10883780775826055
1.1678408258379824
0.4015039015117948
0.35515136653142015
0.7640567571330501
-1.083118015350865
-1.7965845608471107
-1.260948026357547
-0.7198336682147486
-1.4019858031942014
-1.2791455650953811
0.1736235413151437
0.844369831587921
0.17654645424349757
0.5553572123319317
-0.045487970208913694
-0.7473553813869971
-0.6128693493762504
0.35436677624482876
-1.660767379492267
-2.2483365125850723
-1.074292332612734
-1.2455693733997981
-2.1019190473427845
-1.9673442649430557
-1.4652235939963665
0.23941170919500254
0.1361029126584378
-0.3733402527222936
-1.1554023124284396
-0.5479980971293076
0.6253576077944762
-0.09755550218441576
-1.1448041751506042
-1.8929430349564007
-1.5718010077560263
-1.5511164955373182
-1.5142776742735726
-2.315330819730124
-1.2449312006076232
0.9251311010467818
0.7504869344770867
-0.27898691461819336
-0.10360191756143265
0.07680714567537572
0.5993692992385625
-0.3208959760629789
-1.4648166508590372
-0.43223258883392557
-1.732402821968845
-1.0380139422070913
-1.7713450259638093
-1.9137111196700793
-0.706055425968815
0.17052906289315414
-0.7678771114801762
-0.5579236960814926
0.9304654016943698
1.2775363032381308
1.659835550151403
1.170112220012708
-0.06540775897905654
-0.03506185237887515
-1.2990201592863126
-0.8009422887752579
-1.259574795671075
-1.3613022586921526
-1.0061547890409943
-1.0618079615433766
0.33074219417910955
1.1456926300719426
0.5893404170714301
1.7121600956100798
0.6270968127225643
0.1442182386906946
-2.3256369900508037e-06
-1.2146699007396509
-1.1094798146639007
-0.8176227958333546
0.1345745376796841
-0.0012122237362605598
-1.2079847685201266
-0.7488343525984125
0.08133804795209834
0.9432614638026564
0.1062354608358378
0.5709536300718547
-0.10158123223016007
0.8325643860606808
-0.14733661583554306
-1.5541661602609158
-1.5530706846143958
-0.2800718194701507
-0.5319497024241346
-1.218515083256303
-0.6989633218035658
-0.6932051377003028
-0.7256670773531386
1.2276427393131641
1.2209804452465867
0.15723877038053655
-0.2931632198860235
1.1768714440767345
