0.5837954192187348
-0.2952682708564502
-0.9465100841237878
-0.6365606427208755
-0.8328247410085902
-0.11770831099632909
-1.5607562005018565
-1.0131783559470393
-0.8239639867327772
-0.36857966843569434
-0.9304749102587473
-0.010814986305175694
1.0664612030417615
0.22933906080735889
0.8400089020074649
-0.40074293894773083
-1.0795767097819338
-1.0682629970781983
-1.8360789881060358
0.46695445202175745
-0.022489024310692756
-0.6593570206494246
-0.5858123317288516
-0.7838296172147229
-0.5501519207767173
-0.22062136008067854
0.8775184180973656
0.2844347487261245
1.476790345358989
0.7148392613873428
0.020558111851135128
-0.6947794988432144
-1.8158800359267704
0.16559544651314195
-0.24792528972088737
-1.0864515595314796
-0.14203611068038557
-0.07338171585695473
-1.0732735646631526
0.002458696431432489
1.324622706814551
0.17473675834172508
0.2937721990766621
0.7322726531439627
-1.0701795911578327
-1.0386331905957735
-0.8998813164517843
-0.2284713868840702
0.18412068421646088
-1.0873351044480306
-0.9818614124666554
0.061009317691084704
0.742693615830325
0.027989362909904135
0.9684921888341298
0.8845773617429853
-0.1345946508301237
-0.13415833109909364
-0.32052855652266843
-1.1847416382619216
-1.068191948925192
-0.7006163772179614
0.17163549750932258
0.4406290375042354
1.31109722395382
1.0257631469305706
0.09744277351427647
-0.30525809910958307
-0.18048895145460686
0.08308352662460772
-0.5447656210728471
-0.9301242808610521
0.12294965235112937
-0.052054701770555344
-0.9368655215416821
-1.2455386010478902
0.2066123038554789
0.18264650373953456
1.0617106664798965
0.12281025242776228
-0.5550572116971009
0.4014204450818263
-0.01203637137266098
1.0471832192134174
-0.7437518545654576
0.5789665199879386
0.8454504867208283
0.5211563553015556
-0.061717909560745875
0.9480146635841716
-0.12162734837669026
0.19153851004251535
-0.516252518516401
0.42767783406536497
-1.0728166326155493
-0.41539966064309813
-1.2300309272848178
-0.18040353737998996
1.1068162381226583
0.5819784495518212
0.02132283413205557
1.3674314394455
0.10279725125843572
1.0567904004533069
0.34286988693777276
-0.9550481549559757
0.19652332761393415
0.3833973744241159
-0.43299007137661066
0.12318724491398435
-0.9269060473785599
-0.9794644369167189
1.6857631005956204
1.252333174424208
1.3128010740913298
1.6530446423062846
2.062290524696889
1.1031051390847935
-0.13067844239828807
-0.31387327652685926
-0.7200898430448127
-0.871991379602317
-1.8418766242974907
-1.8746050075172784
-1.3174954800365926
-1.3007166012428457
0.3904222218916348
0.8629920865482219
1.178928139393123
1.1862784608476593
1.179672244635985
1.886204182997705
1.262228804961739
1.1558348650292654
-0.9037288155593558
0.07839754440130889
-1.2125690701605747
-0.7122444350336689
-1.884843774718137
-1.3370367452581895
-0.17811229113688137
1.9400719913690978
2.315261718158978
0.30409700769817816
0.5612440903114916
1.6042409983492554
1.8771520298480975
0.2606333753175378
0.2803768050644375
0.08940948348102055
-0.9176327241298071
-2.049376760466217
-1.5298436752229143
-1.4783800536455656
0.4498446587619974
1.679814968432875
1.2705431791999655
1.7903217064657082
1.2340570129779889
1.1409517242427567
0.3289847165241978
0.8468437532522743
1.184336394985144
-0.05484787333924945
-0.21002164047714078
-1.2285347732969183
-1.7076177870504519
-1.649938466594886
1.1177647817957947
0.6299732723446264
0.08639283659371134
0.522850581156855
2.005900264874327
1.8398986390534096
0.49045422310728376
1.3490784722370186
1.211587299088626
0.18340524262144436
-1.3972653031834195
-0.6269193787981933
-1.0292399507586987
-0.8181028399586525
-0.16173745734183043
-0.5974833764549432
0.7021319915685542
1.952414901947157
1.4219651717470674
1.4955092596869108
0.5058687996957612
-0.9816975808709799
-0.05225389469607116
-1.6129478037837242
-1.8682273216821803
-0.5398128145283554
-1.7881553016855596
-2.092640167027664
