0.17963533815522978
-1.4292725732390241
0.35662599781379606
-0.3783742057389243
0.44973372576051096
0.0604087331805024
0.20700257250828094
1.5470084437966936
0.11060794521063408
-0.1260593380326815
0.2944410471328565
-2.3722900792686437
0.09673004950551002
0.7188210300687387
-0.7115507257718962
-0.0006382606787002002
-0.45168699411984514
-0.8825211014274387
0.1620132172001854
-1.470409209203498
-1.445564550565525
-0.006076478485138573
-0.6379489375664785
1.1949181152114134
1.1273142678442865
-1.4778950068693042
1.537346544851924
-0.2819563611500715
0.17014324081530807
-1.2269520303846886
0.0856802810895462
0.31741214934145495
0.1431742521951058
-1.386463743189694
0.2801387560648519
-0.4068766707686421
0.16230063583646162
-1.2876766088947187
-0.002846896454585053
-1.400360391730806
0.11760592051992519
-0.9280191345089893
-1.1449198331521109
-1.2508200007318695
0.5884593436753163
0.4195456526376218
-1.420728564594993
0.5836155089049242
0.3606914668438325
-0.22671643723522772
-0.5847527010385974
1.6061430105902221
0.31572126700722064
1.3631723846497112
-1.2654777513238131
-1.535692667319371
0.07582136989415879
0.9896059965489711
0.12193801884845534
0.48916824382454666
-0.0911672486712761
2.0155828774838827
-0.04625482698602686
-0.7250656986889981
-0.10634893672749952
0.4148546523664249
-0.02797365294607842
-1.7466994248345191
0.0389998717234292
-1.7315971151269287
0.19240608670390152
1.744892859062255
2.180741802700505
-0.5747340872532423
-0.6339969637435645
1.3460239781018095
1.2590134176684333
-1.8069859736643834
0.15303612711270154
1.3736451399845615
-1.3814679142664401
-0.6610521519841104
0.22584644490446829
-0.9804702133189747
0.14135613425918503
1.0497826576355753
0.010655293793564734
1.4444038565961206
0.16932110750240645
-0.6620728281548526
0.3532594320696222
-2.006430613324729
0.14455468737330127
1.4978778953904357
0.3140302730347933
1.6899192788489892
0.10639269096778324
-1.0505500252687814
-2.101644664146922
-1.022998754951515
-1.8912750205529172
-0.5818515545718627
1.1115117584657572
1.6793332794118871
-0.14734143900016672
-0.5080266120760131
1.314267371192355
0.19758635135403
-1.4285067711645723
-0.2853867255315372
0.407031246369015
-0.7847698328402845
0.08157426351414641
-1.2664154689335283
0.041813984922625315
0.2603024866365156
0.27406738287519883
1.0996428293471678
0.2688488310934038
0.14324559467735298
-0.0040741606918149684
0.8344432555767755
0.21122837721161516
-0.29067475036055174
0.03748949217444102
1.8022193653247118
-1.6119173398930007
-0.17624156394240192
0.46027570781042554
-1.0966744696086308
-0.6067917353235793
-0.968867726350153
1.1657692918959235
-1.1873390870819927
1.9792341688293136
1.7028739617860857
0.6149344239461533
1.5127356961234806
-0.04603945710615293
1.6427732631734653
0.114663803202902
1.6373176241852756
0.14027467978142547
-1.067997843725643
0.13239248438148374
1.1800176083267262
-0.09565232915101293
-1.6447119355598372
0.14634852563055212
-0.22505312158339
0.23630430147526185
-1.3525222267988943
0.11666788209755184
1.315299645446199
1.5671509383265751
0.28359450658657237
0.12999449655684323
1.057928015187164
0.5583374746817907
1.6487962956119693
0.013520045379905062
0.5597784866696908
0.10384211559974847
-0.8610573203154666
-1.078724769818552
-1.72066578124877
-0.22724050474532906
-0.5659827290793806
0.28776991744230607
1.8834847271870214
0.07998496931479972
-1.3640911183803066
-0.16939855982383759
-0.01408584188485045
-0.03240758027540669
-0.5720395592641925
-0.18430716901553165
-0.3411569988610792
-0.010208635053011622
-1.3734869310003104
0.14552840556492963
-1.2407100786601153
1.3154066945457246
0.5121482354586826
-0.5048754239942969
1.6697917925024028
-1.788784571829993
-2.0296068358645427
-0.9234936012410957
1.5929003540008697
1.6773768330470755
0.9001572838263356
0.4610574636323181
1.3090687780390728
-0.8122017943473122
0.4610674638420718
