-0.17888714869808367
-1.0859547456031922
-2.3585395738151864
-1.8833177726971053
-2.4074410269164774
-2.2216421896527394
-1.6082162633639936
-1.3426709513567119
-0.023873380830347735
-0.039606224549853034
-0.10044493868866063
0.8738688866888459
0.9868998803601517
0.5917752296292337
-0.5592291718286451
-0.14261083884318246
-0.5798583026767546
-2.0607158405284873
-1.3499867199312428
-1.9751460142521886
-2.374320438286978
0.028961122378262993
-0.4306951912774626
0.7694602148484015
-0.13451709652546073
-0.12046115735759956
-0.4205262917465772
-0.2863795466104829
-0.276502454127181
-0.8629180958410184
0.009557260863409047
-0.8329009349216187
-2.2405286220682608
-2.1669432969860796
-1.63013573167289
-0.5521188201597974
-0.16570271025539912
-0.6598177853848674
-0.9676267588633677
0.002455055146387888
0.42180969840885224
-0.4560338617784009
-1.6726946983135111
-0.392315720008632
-0.8228897889870254
-0.8727389661996586
-1.1491959359112454
-1.7689399138507476
-0.5660020934019818
-0.17325527281132005
0.47349221826971233
-1.1689467935369469
-0.6812689733831623
0.22031176129305072
1.1586899016919832
0.8483711068501618
-0.4707654529024367
-0.46828488532511486
0.6228433935704967
-0.8216716855981879
0.3607989440953818
-1.7961544385904478
-1.5115625786344415
-0.8635391881772333
-0.34768082656307964
-0.985074174896046
0.5310052361129215
0.7416709833750434
1.2387763713325206
-0.5871578011830939
-0.9933584039299258
0.031880371198003014
-0.291302291575327
0.8363291465728669
0.46792827284567473
-1.538019358538023
-0.46188716635512844
0.4452829176756711
-0.5129777945435766
0.7396552243088498
1.0831234046751284
0.821482394638256
0.22661220177748032
0.5412149751463956
-0.23438514588861564
-0.22668412673410032
0.5870686533323691
1.110141801369719
-0.4815913323219755
-0.6987434660541245
-0.6903239543723998
-0.8209687631880739
-0.0157159609109501
-0.37418371400272155
-0.1311555652980425
-0.2433488795308347
1.7672305825934906
0.8849926615014385
-1.0930506925014678
-0.24873123879673284
1.633573615056139
0.3095934921227764
0.5108634875719779
1.0850199253712067
0.7067418407650126
1.0359176527093354
0.13145980143341607
0.022803128041194526
0.5077054729543442
0.8260022530282363
2.0735506899014973
1.3361485351665188
0.3183344435014458
1.6024785932173022
1.845661354944128
-0.0997981608660952
0.5397831161577014
0.5372381356779703
1.012146772514998
1.525775473778095
0.6130362781408977
-0.5525685426198208
0.5230469564644199
2.087476367298462
1.892955993044455
0.3490874202974582
0.7521409556203353
1.0944448934568556
1.0109247945294046
0.5753575893824509
1.4731130663195895
1.1753952213472767
0.787951455588739
1.9325169725858093
2.030382894566092
0.7505090253835976
1.6366182655921744
1.6093775705573912
0.47096889710979345
0.8184230883814
1.528282906070148
0.5367607930756617
1.9188665951811732
-0.23496190808165598
-0.46745147275366095
0.6715275651458139
1.429751514783201
1.1095113652391522
0.8806280703086662
-0.3830187959666262
-0.21587984195866491
0.383749630984393
0.64691686213418
0.7263236586815227
-0.07519488756972899
-0.04239433708874591
1.2620442615609397
1.1060647335529568
1.0139766592415957
-0.1258397608723781
0.2891009919204698
-0.5248456514277641
0.7204826131500482
0.8412039324897705
0.5445685729839213
-0.9733011281030294
-1.113203274481012
0.21935960536583018
-0.9772411820361172
-1.2916451929914299
0.6269325463042142
-0.4419040382561401
-0.7071878660171265
-1.140105812648465
-0.5648487022635414
-1.2516205082450698
-0.9325131034883587
-0.6582266779746229
-0.06801623926191193
0.25273101652954666
-0.7209494364309108
-0.553174050169464
-0.5639389123515619
-0.7078965222233965
0.9054907453872819
1.3221593065229067
-0.0352121633044172
1.0439373778268204
0.17044854403450832
0.6231690048256947
0.35905992986408763
-0.30458233567467363
0.4012168474753247
-1.0683035840918524
-1.7180443056394266
-0.9157756769995735
