0.17273197552001554
0.39729265757997784
1.0467766499265925
1.0612449875697858
0.2497276283690355
0.05513366330960837
0.5457838616415158
-0.14982727860372064
0.101562771332196
0.06462072696124294
-1.168592472600496
-0.48677481909961695
-1.131898158743334
-1.643110052833836
0.5587313770677454
0.47308219470331386
0.39835767315961335
1.26170755223126
-0.09213285052618324
-0.20117062211012568
-0.12869944528655008
0.3381030170509219
0.31746455868497825
-0.21054363985896743
-1.6379630327889712
-0.6985849295430978
-2.109745786051232
-0.6058423065115405
0.9925949321482801
0.9409811504096339
1.3238609197059052
1.0378713469876415
-0.06621203435857623
0.355865748093986
1.1336568472637314
1.1010881307524703
-0.10232498245090417
-0.5252611534196353
0.03774311360331563
-1.1643610672549005
-1.4771776993140349
-1.6757836606981407
1.9938749550881072
1.8122324399172862
2.177977695756268
1.293077490012745
1.7049169814009832
1.2576184290706383
0.9610224109477598
0.9488046382541718
-0.17614142157411442
-1.1683215040758663
0.003245588723363023
0.11949901611745652
-1.1253991363062579
-1.0363104656699291
1.6298955309811682
2.4845981326985886
1.2083214634514643
1.307250760168917
0.8658386226840379
1.265254412522458
1.5088464522782008
0.3224644284873089
-0.4057143976282932
-0.6322546473216425
-0.45162468981964227
-0.40578703237075076
-0.8808334472446938
-0.18743261893811194
2.6529726150871906
1.3732663904596694
1.2434090329687058
0.5535767275097389
0.2980321609708826
0.19854089130536243
0.008192038968491884
-0.2535920537271804
0.23100243692499445
-0.20044160904520883
-0.23969604331033856
0.1984307453259514
-0.495714723642038
-0.13709645611498378
1.0099261632435181
1.2904694626660098
0.8108590608023674
0.6459214195472638
-0.33267572454959204
-0.2587911465133186
0.7006436970413906
0.617867518882514
0.605076153222535
0.7792036015302244
0.3736139847911234
-0.3763584072348082
-0.6528952726565096
-0.6475867867061691
1.6254698821050706
1.2847041738747447
1.5174329546448824
1.7092800947347098
0.6709293683235821
1.5435978573692815
1.0180146466413083
0.055537519401095234
0.07122098876384472
0.8867062244385493
0.20155984711144334
0.45388142124514014
-0.48222744060487915
-0.18197456284010147
0.2708040795774747
0.7474561104031502
0.9995459320030324
1.21415104543563
0.4272005017591204
1.551656320687891
0.12855940878514402
-0.6473231336623337
-0.1408250841697889
0.6210242842005581
0.5723176999200111
-0.6779493654808334
-0.18722580714394402
-0.7377582747904636
-0.3299505230645328
0.9503361235963391
0.3166482551493456
0.6895859027005422
0.928622534937092
-0.11810889990833238
0.10064028435326293
0.08696058772697324
-0.33393615372251034
0.5408188887090403
-0.599642393234609
-1.1716825194723082
-1.5332120211889229
-1.5260649591518696
-0.2114629853472907
0.2236670200731959
-0.3065686041908658
0.30416600581995107
0.17641568033776217
-0.1654338700126497
0.13858322101529616
0.007366304595331052
-0.5196373443822042
-0.7857589391137569
-0.8175405271797653
-0.9263451947166101
-2.526214831291268
-2.738471027203056
-0.4208553435053963
0.2088015870788695
-0.4141903863370192
0.058982137490617245
-0.16338704842809193
-0.3376942832207412
0.6842195580904704
-0.6489835876533739
-0.408497986892336
-0.3889786606231328
-1.7071375458418738
-2.270066311922169
-2.1285728380026425
-1.990675571570779
-1.3324756082674918
-1.289446722613546
0.30772373605356224
-0.011675263618942198
-0.5408843211709295
0.06250928426947334
0.6760870498108891
-0.03941227867213565
-0.8204701657521715
-1.324626761389446
-1.8897350334631928
-1.5236195369018362
-1.093712630767376
-1.8518040761310754
-1.3612263050458417
-1.370130703718414
-0.08450986592512351
-0.19615078228768848
0.4194358998201799
0.4506792912988141
0.5572930007856632
-0.5375971562805513
-0.5140521027002638
0.10497456970565695
-0.2886499010618928
-1.451799264130211
-1.698634092294935
-2.8816541441587744
