0.02609445463084612
1.528026410498266
1.0511218478421016
1.5273047374269253
0.7081016401481098
0.08321470358533536
-0.4990411103946075
0.1571742042298239
-0.9537138675684788
-2.495237485768603
-1.8321427673788013
-2.470178269216278
-2.7184338113379827
-1.8459518956983054
-0.37311225183709085
1.0232768612306535
1.3331677483116486
2.4013678483798464
1.5783148379728578
0.935890720595316
-0.03983465732197785
-0.6833559028173863
-0.7214633222011554
-2.294351221797325
-2.448521325772092
-1.5760528180417515
-2.0771820609867246
-1.8397585387854796
-0.7382754481566777
0.7770950325823783
0.21500391945007105
0.9771744441217863
1.981822258447551
0.7638604019992552
0.9862554256336904
-0.9441934590356749
-0.7879453335087229
-1.4706405568534855
-1.6641726198298663
-1.0916010692044158
-1.4066370223118523
-0.7832735411890185
0.2769938398999674
1.7598867456859526
2.0397878576965858
1.3710156023202227
1.7536208052890165
1.5280994276013493
0.9794633447673544
1.007528750901232
0.04138670797870584
-0.2654964974657091
-1.1137151809182444
-0.5623817192616491
-0.3457988718901508
0.41527976063509187
1.0338481936175703
1.1796274654131096
0.19291346091519565
1.0374734578496916
0.5099594298896215
0.23459907783974487
1.026292438500592
0.8781767641011723
1.845291701744482
1.2710746385778233
0.564902776981714
0.43585478367170105
-0.21237721073150345
0.5341172135499107
1.1354903279265836
0.6550300745654428
0.040907034131583496
-0.7929089056812606
-0.1530433309608575
-0.5597952961582447
-0.7911248575012677
-0.25650448720289787
1.254113559950136
0.6419666014546707
-0.11593331325276302
1.7019790048394483
1.2143787881394867
0.8838569790966914
0.5216195178811313
0.5251919031500382
0.43436718776313393
-0.7879231239485278
0.1759411420280866
-0.3612808419207619
-0.69166984804549
-0.4743050632695095
1.035641632050409
0.47155993500497334
0.9122663470279985
1.1336513060976752
0.37303545550259964
0.358415636671014
-0.16706836333966107
-0.24663455977768017
0.32859101736064894
-0.6028650678150682
-0.9383509207682499
0.26179003006013
0.1253482112569908
0.8123694052725675
0.5523954611752621
0.4274342849680941
0.2231437017047171
1.194030293881096
1.2334459259571957
0.2805211192087785
-0.718547762976015
-0.994800158099118
0.5147166667091797
-1.0837895875794312
-1.1941725644778136
1.1484834552478287
1.1326447667132633
-0.2402381396284153
0.9879470256398142
0.637286999054613
1.3800006969605423
0.8631580330739407
0.6157897723649335
0.7930690702459807
-0.6400566042091996
0.6101496672480178
0.38594189191131734
0.7375428903395947
0.1726831580437738
0.3506492210036181
-0.41044803607592195
-0.11619777895981456
0.5492557998646966
1.2483094034358082
0.4585457595504424
0.2750596171929488
0.45829895294635914
-0.7544201804410303
-0.6057683241153647
0.49355417447046435
-0.5907143186018993
0.1272112346498023
0.17879798646746034
0.7552915780515793
-0.16062838080548128
-0.015601073823160552
-1.0615389384797949
-0.29411105528955733
-0.2507134716509207
-0.6755600330479647
0.9345829030825297
-0.5096960481491546
0.3581601222915523
-0.9575936049012677
-0.37870961109264956
-1.09242552422947
-0.6320660167723632
0.822270286747839
0.31149582041948826
-0.3470723973550942
-0.21961180457545545
-0.9526372804883103
0.47613371703076174
0.12954000128248436
0.17640239551016484
-1.348973302102833
-0.24809624417731183
-1.0881466344872164
0.02185264421025684
0.32773121159711877
-0.25256105554255426
-0.0791360138495378
-0.6773416262235148
1.2279428301083133
-0.13816381453470852
-1.3631618639584056
-0.6521339052934488
-0.12427973392890886
-0.12746097032261045
-0.5454979783006376
0.5428831654383542
-0.4113193508460473
-1.6151381544296386
-0.6980031628064391
-1.4549242623497292
-0.23690461147030578
-0.9637145503793062
0.19977759527115763
-1.1052101201445172
-2.6567005855280907
-2.113962800681997
-1.1903790281219875
-1.433613097320425
-0.6669147612687528
