0.761473295498203
0.6340111298781117
-0.22006093212343533
-0.3652991863155094
-0.23570726530524602
0.7531596001966688
1.1084464340955127
0.6541172538016107
0.2792497229865995
-0.39341984643957834
-0.1756854942315964
-1.218227484105579
-0.8388071533791726
-2.13235500450461
0.16359815594307295
-0.31491412039928274
1.3516292930474851
0.4789719770197292
1.129343531206457
1.0998837318949506
0.875556569582812
1.1006453713259423
0.1337054525696275
-1.061306350135921
-0.12900843650623875
0.2866699030676695
-0.16307701761432777
-1.6565399050310328
1.3958549930727415
-0.1545044382587807
0.9060296680803315
1.814157877048759
1.0365427692090308
1.8870197440943728
2.120673092800789
0.968164267777272
0.798111715260872
-0.756032774244196
-0.27100005734891447
-0.44656284282962333
0.3652224417539833
0.3200487576638197
1.0038245980287992
1.428081535764415
1.2731468522764338
1.6270968776070711
1.1140515930789965
0.7989635585688033
2.0967196243099493
1.464507953360176
0.5943889979306862
-0.2187412334974601
-1.1362833602345601
-0.5305101569561302
0.024652505222540647
1.366998703073596
1.6519861857543607
1.8129453331413967
1.914490827412837
1.6059414769061806
2.066267534732829
1.411569716465639
2.365444777786681
1.9356005506724725
0.46110653707994664
-0.6822647563084089
-1.0247049336690917
0.31097280326913906
-0.06978910172533855
0.886249102093298
1.2397569607002838
1.5092804427238533
1.0366939745221737
1.3044341674185564
1.5915680250951714
0.43584562188815046
1.6516469285628241
0.22515474540260097
-0.128191868411366
-1.0213619203816333
-0.25706222877343454
-0.8415719117975986
0.26419412392182123
0.5352906984781843
1.0385996547326595
0.8255681270955302
0.3190035685936977
1.413397604383965
0.4515737730970841
0.34216695315442336
0.4552670069662913
-0.5902741126371865
-0.09376648409020859
-0.16914331573244418
-0.9717834479085077
-1.034917075906082
-0.35297281764828803
-1.5351884108302367
0.13540057331481561
1.2274090585106967
1.4023172582162116
1.4993158971137162
1.2957514229702778
1.094854947374509
-0.03560102455289665
-0.08609857613732828
-1.1585200569507508
9.183304909197801e-05
-1.3791599507468637
-1.0274917865366902
-1.3764180201776748
-2.3784588453979825
-0.48841585260901993
0.8800211943362825
0.4116274102211648
-0.6443543124001443
0.9456400777375665
0.5476904180519859
-0.3109285398224102
-0.9408210007470598
-0.4922940372110772
0.10210826781752894
-0.729585345471218
-1.5764731314605909
-2.067356229615528
-1.3264700303168975
-0.3287230124451037
0.009684626627938906
0.14813545580338455
-0.026860483950495586
-0.12818375505866814
0.335473961952538
0.015528908569792535
-1.0203573427728478
-0.052919606999585686
-1.0168218674375553
-1.6127381946631854
-0.9823903387728922
-1.9500065290635573
-2.205857593691237
-0.5929427123622162
0.41453541296776786
0.5768049401345849
-0.5704641506071805
-0.8658753367412566
-0.9322653207896313
-0.979617405164884
-1.0775139473176107
-1.0319757218899337
-0.09169692790360118
-0.7343940587589972
-1.2835927653375412
-1.569249917540596
-1.2006728282421217
-0.3967821258074975
-0.3717953633221223
0.06208717318662273
-1.0930657851649563
-0.05673120859364327
-0.44880377825576645
-0.3282681274706212
0.2239866797358137
0.11115220551959416
-0.9593483635507914
-0.3299483236074982
-1.0374180475228436
0.23757879734818696
-1.8561183121256757
-0.8195563536947024
-0.6291518111618729
-1.4881208927632172
-1.1594060151197816
-1.120989171232559
0.05716864817276302
-0.2627326594656458
-0.972090758956197
-0.27991688174320073
-0.062220641576343265
-0.22931680626106532
0.6537109252226211
-0.29107310550414445
-0.792030764349695
0.26142727663277576
0.08022523344662957
-1.7497830390326752
-0.7636719275699423
-0.39696383322867945
-0.21040208090019627
-1.0977517126054197
-0.9930946525180899
-0.25142542382888416
0.02067180122772982
0.3685143752100038
-0.9480569937497175
-0.5828254335462045
0.04781084655303381
