0.8021367414110344
0.2967297639833997
1.1929679054869702
2.0761920029427094
1.6158312802840848
1.3134959130137245
0.5821386789604975
0.5927071606561307
0.12669623332019833
0.6755300620934023
1.4125188899073904
1.2031363393690977
1.1034559499843775
1.5211362145936989
-0.0779759796828306
0.04225112752257898
-0.5416409341421039
1.3872177664983405
0.48663133435996647
1.1271076842058319
0.3676069793685543
1.1235918501467288
0.864885311367017
1.0117668860777689
0.6693253524141551
0.7908892251054366
2.019110676697814
1.0296703343586489
-0.9307326870396168
0.11341673914846036
-0.8873146695941365
-0.5170783042625707
0.8794644677676066
1.0422691487992566
-0.1539191532356702
0.26360666594456256
0.5530275008843636
0.5297173594736414
1.0464986388296857
1.4758951736093977
2.6663743251502545
1.9406427487596938
-1.6633730986263286
0.4140256422628847
0.17748226863756408
0.10162542852464816
-0.48651046528216846
0.9405950277868317
0.27644446480753
0.6524560050407398
0.3486683648698392
1.6166998866680407
0.598981540022881
1.4128811439014994
1.4458602650046843
1.4399590881840592
-2.153104809736719
-1.2698234077135533
0.21622859138533382
0.23720065071221086
-0.9758857990050208
-0.6279697419159261
-0.32356933955358064
0.8724216378914497
0.857926843490941
1.7128984844608406
2.0624608111418845
1.2772200187819378
1.1649980126077697
1.538518619699467
-1.3112281667327848
-1.3030812424182319
0.3538747469036554
-0.03836051904099698
0.47075850167649735
-0.10910241406957419
0.027489574762060983
0.04340668038249
1.2807299721439704
0.7483307231063907
1.086559424983837
1.3361628311963376
0.7636493130475709
0.7397850434220838
0.1716240145178355
0.0291154005511367
0.07572392585894896
-0.04280697224118499
0.4124010143574531
-0.16651049981669605
-0.24742245722682227
0.07507187195281356
0.28682465583103967
-0.7282297901639583
0.11307416446484406
0.04674125977097036
0.7907856877983662
0.2284258278313476
-0.23480434104311607
-0.08675789451355734
0.27159838264709046
0.0766843846374119
-0.7400081677337966
-0.9192654634682049
-0.5914529654572172
-1.6942492871889034
-1.2645912060810085
-1.306306814428676
0.1613211829873236
0.7094979512293776
-0.4380588613018946
-0.3505326794220859
-0.0020944032747424257
0.3793750714884676
-1.003833685102515
-0.8892479122152122
-0.31176040887212464
0.08096974429146196
-0.3785532437278911
-1.7213011028616778
-1.8329216309003113
-0.014491940560725591
1.0842512184005868
0.6491971810963817
-0.2350668827727093
0.508412245655109
-0.0423813189702009
-0.6521292100616201
-0.4792440115069999
0.7855060563398434
0.3139043192491418
0.5756784045227714
-0.07319190807939112
-1.6995528942070166
-2.0235202515865476
-0.4634044846883713
0.439566008892791
1.565435339035045
1.2942956043611413
1.0528800136170844
-0.826555442777873
-0.5799443178475864
-0.07633141320221322
0.9715889155947269
0.13269137475691312
0.8227434122385967
-0.778470515544959
-1.3522881073557977
-0.9957164208852108
-1.7662998356041428
-1.6708336903578391
0.2719811754788314
0.9196395930405038
-0.5722260380537274
-0.06842519040222579
-0.5405810979410227
-0.31509385990393823
-0.6452591619291338
0.1596333811714748
-0.8513564254161052
-0.6251925150681604
-2.1084182953623616
-1.3235423159517927
-1.845401768335056
-1.6459640164698723
0.2650521606360333
-0.6026072825808162
-1.0715350081375958
0.41824594052282804
-0.6352815566020139
-0.018091856251974625
-0.07124726782227009
-0.20853694515868543
-0.5197424531360723
-1.1983493230202749
-2.0059576073313554
-2.035865097297971
-0.3882091876664371
0.3490502381249853
-0.7075766072173898
-1.315918773651658
-0.5444368233832005
-1.11340936057489
-1.5594655530004768
0.27503720550419175
-0.9344655741605361
-0.693816176116745
-1.6346531108422042
-1.8338058535035322
-1.3794679557229987
-2.33461804395687
-0.5692023025837258
-0.2150624856373199
-0.4819160154734068
-0.789579071169449
-1.4708832265233676
