0.3138165556395444
1.2440267664560638
0.7603954041495705
1.5178188809673503
1.3573601873407564
1.0068663287247472
0.9053839994706064
1.8881227666115643
1.1293991539141923
0.4651393576705421
-0.09663475120025214
0.5143831534194382
0.2231695419880888
0.6132644964136492
0.6434580006435325
0.8501112835683139
1.3872312837721752
1.1106678728146264
1.4449503425992056
1.8221087123138016
2.1418182628507263
1.7722146489768134
1.1797494457767157
0.39498543137270453
1.0385960037566475
1.1908267333774731
0.14773274130041855
0.3460208538144663
0.4042508880129078
1.139122397287536
1.2327243867077662
0.6165122678329359
1.3884729855320619
1.126206895605422
2.147500023058216
1.5978722792379245
1.3391893556885968
1.0663207809711
0.16525057068653703
0.6537360861690422
-0.2033205879495514
-0.13440446080811885
0.8143174858122808
1.314959854898538
1.1320029970320458
1.0491896782361536
0.4482266713495314
0.8112492801631812
1.514985825488282
1.9031638607076153
1.678839230954593
0.4639195031481591
-0.24928042958184166
0.21230645330174988
-0.11871918912752961
-0.5284461281891294
0.24590466299539898
1.4799814380209875
1.1816700976803634
0.1852799318125813
0.8083677240649038
1.2722863895275622
0.7773350989952797
0.5454359538976105
0.6672305366324003
0.4189704622493611
-0.5647258455477395
-0.13534105097282073
0.6739798889600357
0.3967421447449806
0.7393267790680652
0.5000575566552111
1.1452934339855443
0.2141226232659616
0.3726792914042424
0.3554464366732591
0.5302712226221499
0.892174888013946
0.8578636308169293
-0.07570220852099988
-0.08630092205656355
-0.34146749631846945
0.12737750345080048
-0.5572553471323598
0.8600133215047593
1.0793062223888257
0.41581115883047853
0.6015153793950834
0.10007270943192875
-0.21799599646004977
0.4675177669596044
0.66076298782126
-0.11673897890255286
-0.25819212442365025
-0.4847131262835719
-0.21904004021746384
0.10996701338228439
0.06451903809733182
-0.05636041375687701
0.9385679356892318
0.7899584780082953
0.7919861222555618
0.4646763657410457
0.4565962545902576
0.3739780607880955
0.8371949926699916
-0.07325515905585683
0.07709127420117282
-0.5634183950330346
-0.12382423056692937
-0.0013549566768379603
-0.5051194854860406
-0.36339351146778914
-0.2380038873087101
-0.12641554755194614
0.5873832872649465
0.38264553156479053
-0.09072577950276407
0.8700868292732784
0.5453153939548557
-0.21697687965609028
-0.9947398228250877
-0.9861423492156155
-0.19064691680363927
-0.7735680909161463
-0.7898919251200469
-0.7059669251917184
-0.2628071981559368
-0.9847855325912445
-0.18500985017478874
0.22560695754361504
-0.5855278328421266
0.3030715240535746
0.14102710895353207
-0.5127366481365451
-0.07605492643809918
-1.1065454567381796
-0.5414317558974652
-0.35299646674960855
-0.6730096793105962
-0.3865886826428116
-0.5466382706376208
-1.1784890799332406
-0.26340985683857576
0.099352665446629
-0.12181208388786345
-1.0690391974016271
-0.4986023123181806
-0.8135194232798588
-0.25448287636514005
0.15767291537898104
-0.12504242220470577
-0.21497123191281078
-0.8630267549936256
-0.8541378139398494
-1.1924649698831224
-1.195858203834625
-0.5832009419363471
-1.08855591943493
-0.7584786155148504
-1.3442544121123514
-1.777081257869432
-1.4192909798372608
-0.8179750948784337
-0.410761421128772
-0.5625361672541677
-1.117451170918015
-0.9143596679997826
-1.3456651398907342
-1.3862800315208788
-1.471062920895642
-2.4467912434056553
-2.2237725396385444
-1.9684591024266749
-2.3548031264655567
-2.026186555167396
-1.7668874753694965
-0.49888556413392166
-0.4740532163910108
-1.0559286688789777
-0.7510547854967349
-0.4489089341095284
-1.1898661323543829
-2.3906696344807203
-2.5202305708727475
-2.164811987581557
-2.355455808588174
-2.467479318323139
-2.2932354975650826
-1.4791569622213308
-1.296635889814285
-0.9123695499165833
-1.1323764636684877
-0.2907519918703285
-0.2943291983475271
-0.5723075130973863
