-0.831198920540277
-1.8404714026729772
-2.045296356445161
-1.5411413893272323
-0.816448369056577
-0.02622122929024672
0.6712007988570371
0.21393912722661562
0.2095980883539315
0.19019254769741042
0.651670858409556
0.1702940810434627
1.8359334226145785
0.566649212363622
-1.0245661488039106
-1.6306826131182586
-1.2334235378462761
-1.3145093899097902
-0.795588958304579
-0.10349037692392281
0.22834294347526954
0.7608680994302027
0.17924069771751033
-0.006460757201479171
0.394532884447712
0.15159226513853077
0.5907152974697332
0.8114557674535314
-1.8451244317709319
-1.7200802686240064
-1.5119380403404947
-1.7529073997465987
-1.2890197284806384
0.21657977457476593
0.08565056097888177
1.4803134346172557
1.3343007506308964
1.0545129716739186
0.37149475116245967
-0.1328846421610236
0.47867609017175833
1.5638650834345855
-2.0271752004797308
-0.994062151499585
-1.7068651967945958
-1.4301014188296768
-0.9843469574309746
-0.41590353495655286
1.172166667299227
1.1386303957849446
1.467735607598207
0.29823074913995096
-0.05597551782684674
0.01796357675336363
0.3378267454788247
0.845242924178216
-1.4424467365004032
-0.7882590289716462
-1.1541845555965025
-0.5271337941970028
0.31601984528572424
0.0014230554998534018
0.8913852557339325
1.460068022490418
0.47446244753109373
0.2002904602257518
0.6331802557705617
0.46050557159507166
1.7103837099309256
1.841141840526176
-1.8791049334525771
-0.9631279812866582
-0.6510196470529521
-1.3335718254635798
-1.4319952234796396
-0.4891344992066633
0.6963220695452511
0.7592993808534125
0.9439088936410595
-0.006770396083133204
0.6931293974351631
0.21465983799509814
0.36291977380569945
0.828145133919194
-2.2754630289157154
-1.4236125055688984
-0.6682121200582251
-0.8888795986604694
-1.3177437213667436
-0.7683133907911518
0.6122133507009337
0.712263008466661
0.6040179167217995
1.4622321306445136
1.0602583588803391
0.7705713823020678
0.3717840452945276
0.6876793992938457
-2.24477894552861
-1.6315786548585316
-0.9175806105874529
-1.0745761474556694
-0.5250405648423541
-0.5682821536433705
0.8082732212341818
0.5812521663549578
0.920373672079827
1.1187142092195195
0.23475913725460823
0.13017740354330054
0.4167939390128514
1.5168835064286175
-2.0699249458519384
-2.031023395343335
-0.9385111072683735
-1.168291883981077
-1.4231926953369431
-0.33290926101784635
0.5614499642772391
0.991556069921104
0.8603951676698443
-0.04183201283917854
0.08983890618998733
0.558346973413435
1.1710077019524088
1.471199548741781
-1.1027442876887132
-0.41385391667212157
-1.0628011866900808
-0.24777659756442763
0.047423103202663776
-0.6846723863904274
0.3311578462584287
1.4835805534131046
1.0682684595411218
0.17349153831043762
0.47889448362522485
1.4422717197575339
1.0282730650351155
1.903352314662173
-0.31925275844851686
-0.5483089017784982
-0.6664232122555788
0.4533790606822264
-0.3077408717128164
-0.6539797121907219
0.6700429027736668
0.6227141673938801
1.7132133319267726
1.4279110787895501
1.1125710259176524
0.9575873575065705
1.624476734905132
1.9610196069915393
-0.8272039739616422
-1.1811754192560444
-1.4915519971301985
0.12759278806266983
-0.01791732623850507
-0.05403763637311266
0.8806887244625186
1.0253804941324092
1.2658895568312547
0.5489496166049915
-0.19044681107247
0.6537094234131897
1.3751715532632642
0.34722375188990323
-1.5427584633374394
-0.8023786248314113
-1.3727133384583325
-0.3119905598041642
0.5862902040934838
-0.07307951379747632
0.9464183591785764
1.167398966827387
-0.025538690051371157
-0.16427176515358213
-0.03656797487858826
0.36260592984879414
0.9941490952832889
0.2433363389418755
-0.6240988897579064
-1.2587257818389228
-0.7144996977075063
-0.11437510514645104
0.39667462577457174
-0.38863504914085517
-0.6138846645825804
0.13135958442550846
-0.5732625632798632
-0.5859121316390683
-0.27301541676353525
0.5169432340338095
0.9291325956793985
0.6107290291835814
