0.3892116032172526
0.5029546231107027
1.1120377072834866
0.4100111950832074
-0.48981616528555827
-0.16351685239049887
-0.30370577530977655
-0.9641110996978162
0.29327194775486765
-0.5211823951249039
-0.42117324023994135
-1.0463341630458676
-0.3734801979695339
-0.5728601831344863
-0.11821911323817992
0.490109578112198
0.4735950577107397
-0.9808771599993483
-0.23209964782678102
0.38723701754062057
1.0064102345659052
0.05025881297777882
0.9645086271189133
1.0933487207371704
0.3591869550205638
0.3673696867954474
0.060683366119551205
0.09999450669503628
-1.0374599705335472
0.199106090823558
-0.44209815958624743
-0.7247451846319024
-0.4678285496425118
0.7698599762095273
0.7822956796137438
1.0264876235983385
1.6149074661776064
-0.31683984855472724
-0.8341320326630642
0.4247357978133281
0.41939458966571813
-1.1338331338324037
-0.04410799510881705
-0.8530497218109753
0.4965956480296783
-0.5915973458207584
-0.7848508495940946
0.1921050219543926
0.3199736203310176
1.4151066352002253
1.8664698426801467
0.14702879471575425
-1.3407155525132364
-0.2965507144258371
-0.08803291783022933
-1.5448433620257276
-0.35230909008065203
0.17723581581873515
0.0340305072237884
0.9023362577590839
0.5907799838958919
0.16924785325719438
1.5542548377905623
1.35955975661484
1.2758742182656728
-0.5367495337565679
-0.5978678252416982
-0.21927050839484824
-1.3047619070404526
-1.8760074629832657
0.015115106061822514
-0.23636559048352043
0.7786686827715652
0.6778791899946454
0.1794541567931711
1.459564799867503
1.481641358393986
1.379674770460892
1.1211998034430533
-0.15313101158964199
-1.5227961102066445
-1.158085152538457
-1.2934353177874112
-0.6632972419441086
0.15482775033896132
-0.2996533693748836
0.6465206702816672
0.9353515893488619
0.7768389960481574
1.4869090337343163
1.9745789016518462
1.2451175889490735
0.4487644106905521
-0.9168761108021258
-1.157769722851877
-1.346927717391901
-2.2075605150536646
-0.6439503964917528
1.2811435512204903
-0.34853019484413533
1.026707253439327
1.499480690062421
0.556332683137193
1.2385700512457927
0.6626911665462212
-0.16701335789000707
0.9832794091069729
0.7035524142132075
-0.8001255003154703
-2.5380606932966274
-2.602191528319632
-1.581407502844366
-0.08021457469471749
0.10554239251605865
1.4962709301178558
2.077826571182987
0.5411755224879764
0.1777570946929039
-0.2207181531968431
0.8054469966665798
1.0841780660348153
-0.6384169973170876
-1.5854081792165726
-2.2910944460690197
-1.3397469222684288
-1.3402074589180883
-1.4836919318235768
-0.5044422250522409
0.8631850331728899
1.4265056333435975
0.9737247855289438
-0.33708502004144764
0.23958158747507247
-0.38882899048936387
0.2588831089259478
0.06833127160005946
-0.5921737978547538
-0.6312015755196605
0.39958325288672014
-0.3333051264448646
-1.967327442916063
-2.2442674862489302
-0.7581783582425062
0.026678469273247695
0.8320689442038915
-1.030173329872549
-1.136253816808711
-1.0074506886367682
-0.5347121355670633
-0.8723972353350875
-0.7079989949807786
0.33206844040818806
-0.12142797753500145
-1.1697976063545958
-1.2793304963588843
-1.7921233001926544
-0.1601244811554309
0.5357831051892823
-0.6108222549765827
-0.5911377533406296
0.0547964076029408
-0.7351175372482281
0.5383794326613183
-0.571820031537926
1.0155045384712145
0.8468850442935187
-0.3496359072329431
0.18622836209887203
-1.2403272522131006
-0.4082352363255267
-0.642955197152123
-0.8141356979555896
-0.6526672307563588
0.7309508759943701
0.41238284542562686
1.233027782324157
0.8243288669867863
0.6639042905915155
1.721134677370892
1.274047785574603
1.6415127099278766
0.9374572206254917
-1.197552173698876
-1.9638366596255072
-0.5247613434863293
-1.2483133870669818
-1.176664745517987
-0.010763328109024133
0.7836692306941575
0.40496662875572764
0.8172912934409569
0.7962402951572761
0.6867375111791343
2.55927116209411
1.974896993463378
1.639404333191054
