0.8645954574057703
0.4269128862707686
1.5357264201633056
0.8451056579637707
0.42144796601622936
1.0530691185925827
1.7301946849968173
0.8293594762335598
0.5883636867248637
0.5205339515909568
0.5558530255595333
0.4542456201676492
-0.2779612443807669
0.6549949938078737
1.1840451591520396
1.0278122579396756
1.1104117698290679
1.5917540817343978
1.040261765444988
0.5102872263710543
2.198741790359311
1.3075854496197852
1.047794434031363
0.5439451526129161
0.07486200360682384
-0.2248417702595223
-0.12075951136377266
0.9957210336966678
1.3599511161034123
1.5657571948203737
1.8602179556284693
0.9142113022922166
0.7740192331101394
0.7757434107193003
2.1644590745587853
1.640552551356632
0.04742247672586821
-0.4224296809355608
0.3667702831449949
0.42577896587803205
-0.15251650547251644
1.26158121379315
1.6137581181490146
1.2122552741780601
1.2022067905630829
0.6432216071007287
1.5520225763305844
1.7501636689171898
1.1048462230926592
0.6291190475300327
0.6271033387677614
-0.05847538165098624
0.05838804558287277
0.6888925234890142
0.4061162365150391
0.8654076223711145
0.9791313106854335
0.6928518375381906
0.4295479144068055
0.6633958738326723
1.8446720338775655
1.7506479958944863
1.2588448359310425
1.0807451613471994
0.005874686551367643
0.3479553172509641
0.3952955050007026
0.48558125795354096
1.5283568298127124
1.1265373088866801
1.3853338872685457
0.7023152946358
0.11592180508761883
0.9258227144899313
0.26525899350404436
0.287235495975115
0.9627134222169036
-0.09278375500380735
0.5855286158699975
0.9339762145270837
0.8632680362284456
1.4384442759222127
0.9389733497975279
0.6869747519705495
1.3075652509802995
0.920224996355129
0.23355926621748482
-0.07739752611843226
0.28391945870459134
-0.47818982229307566
0.6936894745214528
0.7590150211729763
0.8016145353620331
0.24160869232752527
0.607883648907777
0.9087280298071436
0.9022420187741025
1.0043606416067359
0.9616957520630244
0.46079239858756604
-0.37518881759262973
-0.6489393433144198
-0.15485407829753695
-0.9025744000647691
-0.7033856850885878
-0.10462326580957622
-0.250059003267497
-0.5143240352793391
-0.4992997431772862
-0.30312680858322194
0.8711236576638185
0.22875145260584898
0.18354546566892752
-0.47899667410170077
-0.948984372796532
-0.5806886329233966
-0.8955491878266649
-1.747603156951311
-1.2883665440677543
-1.0465028258331457
-1.1353210041122517
-1.5059731454631538
-0.5709776943547027
-1.1225727772130272
-0.1363210790679502
-0.05159375117847813
-1.0937657743867377
-0.5208552133267415
-0.30821663648325126
-1.1644001910111712
-0.6690733967225662
-1.0154602877322194
-1.8495524175943743
-0.9401481428094575
-0.42021903600764776
-0.7185094744968417
-0.24170962760773096
-0.8004623737968465
-0.2996325839256243
-0.25772312702535904
-1.9613482263466693
-1.243314783217208
-1.1753267019737828
-1.4163015062960855
-1.1686885985501687
-1.095839444418127
-1.3931959044155104
-0.8696049619277061
-0.9673424316583289
-1.3552772634790982
-1.7192636715765381
-2.1107199257687523
-1.8485183734402124
-0.7188896968932281
-1.4144983623562044
-1.4462972987199445
-0.5529279234559464
-1.4223631755813266
-1.6167649221721898
-0.9381674968269045
0.09949396311105284
-0.6102033365700593
0.027850255795475152
-0.7444414580291286
-0.3153012035169305
-1.1285446716245404
-1.4688450992565825
-1.7615233195399929
-1.686671472147912
-1.0476112653728717
-1.0750432058670023
-1.4222501697614454
-0.8839497280488059
-0.688479835901795
0.22968593062319587
-0.7815081279508304
-0.20167738250753411
-0.8558577693676904
-0.1269112710636914
-0.31406048108604867
-1.0199512993960167
-2.0625506576821273
-1.086604832485225
-0.14533716045511477
0.03767596020924978
-1.2372943644659278
-0.19510601729172244
-0.7637861645650419
-0.14597230960803595
0.3117544993909722
-1.2599979946390962
-1.0936113912798702
-0.5854851219442924
-0.9633251882926402
-1.0027165148693156
-2.101397027098653
