-1.6645057100584126
-0.8182350766292658
-1.8829697252778725
-0.4418384564920982
-0.03619370673191843
-0.08133367968957823
-0.9360318400999775
-1.260244398465268
-1.6710409065214888
-1.8048939084210072
-1.0233805888555518
-0.9598594436485093
-0.8385364737349772
-1.4519254952168723
0.6705348697593555
-0.08418367807895498
-1.0827475931660473
0.6389158745647815
1.0117208501625221
1.3692889398525967
0.1934803868628903
-1.4373032855318315
-2.374105350914762
-2.601760121311675
-1.9624725438784696
-2.0107547225551063
-1.3863809041584292
-0.13357082691753752
0.32141066646875066
1.2538616429333864
0.1476186596463719
0.16093917146461217
0.5059245347124706
1.2393718374165454
0.3782837456192723
-0.9641226218930957
-1.05381430004915
-1.013482190856002
-1.8626954689136317
-1.3756012766942007
-2.241744107482629
-1.4781109500095548
1.4055383900562146
0.8367869328181332
0.6137279327543331
-0.21142468458583855
0.2055389423754822
0.20059852652387408
-0.12022739119670646
-1.3607745893157064
-1.775839007958285
-1.0933854680564132
-1.7618825770592856
-0.32862044389017886
-0.8902067370082932
-1.1296434514063456
1.71991415135534
-0.09965212887199816
0.27212036186634453
-0.7542715135423403
-1.0699950896118435
-0.6857678840028072
-1.1843941691119708
-1.324192089463045
-0.11937767680138278
-0.9853726282970748
-0.835674050372002
-0.3363816581163543
0.012219469442439077
0.3504468648292453
1.03893327888991
0.16343772849447083
-0.22241448731164745
-1.2495972599228549
-0.4343759601302191
-1.2219205033513314
-0.8783590424991167
-1.5146525895910623
0.39577143640953566
0.5607173888113879
0.3508662223390861
0.6192851504461271
-0.4097626702195696
1.0089557594398428
1.458917832481849
1.0276383116852164
0.7918279762089498
0.165324661407912
0.5023527486843277
-0.3171278800634119
-0.3389929440065442
-0.6375981611304814
-0.8723883145559519
-0.3461007708319877
-0.3018222186849551
0.43858972631035303
0.9916049947471545
0.1118054277731616
0.32998007287495745
0.7920204652538769
0.7535268106008772
-0.14553263991365042
0.7449491843955879
-0.2638634515715008
-0.0625812434180392
-0.4752009894378696
-0.7963454376577642
0.22240398831409128
-0.4865026083394833
0.37985684346087006
0.045193671922523666
-0.23757722762535863
0.6409601268510184
-0.16590818292076584
0.4771942723739367
-0.3604747925140381
-0.0826851649804096
0.9764681789253842
-0.0790452878906834
0.4352907407707294
-0.6861231662563703
-0.48757205825885835
-0.4958507622172684
0.1344335508447014
0.3695265186452787
-0.267812682162968
1.5731867377001443
0.765528621157988
-0.42565500050472366
-0.04025186389789061
-0.5372430110892723
0.027713245841420712
0.6256273367107352
-0.3498685518951102
-1.1041020826862034
0.021335289246864286
-0.7417272450358543
-0.625304115654402
-1.0035723973366217
-0.045299052117255545
1.3117316285043354
0.6745102485855582
0.9236069562889938
1.2663667810779276
1.0489575155295217
1.6612423608034503
-0.1783472362721914
-0.5977535727606654
-0.3221076301238361
-0.6427744202899802
-0.8783832968848175
-0.18281780464652295
0.6270071269704702
0.785553607814173
0.7111652737491828
0.6952963953144223
1.2041967286718156
2.1882955606667855
1.6723671092754828
1.3031500957207363
1.4130376146136414
-0.33323421034498096
-0.9544731595819635
-0.8137643699299578
0.6273572979417767
0.6370431015551793
0.5526593305891871
0.24157519808652125
0.2638189548323536
0.5420217778048061
2.2822506155153084
2.344118530746654
1.417073141053705
2.0899989561745413
1.4318109231200595
0.17212596267923935
0.033341522296484814
-0.2846972795655266
0.07506077938648523
0.630065281453962
0.33961756216781164
1.9717977393556994
1.4818494503118367
1.3645203095937035
1.8375832269858223
1.4526880128282524
1.5270796804548321
0.7186730834148309
1.415660574869222
0.8934516313566706
0.8960172280235896
-0.7254599750974621
-0.6946462053293265
-0.08059541378007136
0.6000627805080178
1.6259142750123146
