0.24249700691173737
-0.9721918520250195
0.15084563292665298
2.228522306117183
0.2902144237169838
-1.6822499427060493
0.18316505917301165
1.6705371918722545
0.2271229961761049
1.0600757998106058
0.1601232478176552
-2.22076090025028
-0.090706988192238
-1.5000845702179861
-0.9891173117610012
0.83469217700496
0.05680093804840137
1.7603048520046627
-0.16692701322862805
-0.8116529100002723
-0.3418729970279109
0.9199334342284127
-0.4292138733130759
-0.6787578041706495
-1.176850995039895
-1.0793191331505636
1.2957762979204839
-0.8832431150267841
0.07243828420199497
-0.8572056575371078
0.08426785027020849
-0.7759944806515168
0.37725620774522856
1.142751836536952
0.06538365766200749
1.5878916946883985
-0.033706698278787646
1.908750726104215
0.11784097173158325
1.1256146036467019
0.190258236780408
-0.41270455313987015
1.1733780681805985
-1.3826348904062238
-1.9817008112125647
0.6278296226764407
1.5603978062975965
-1.1037280501408513
-1.2084931655252273
0.4467876475270388
0.8603153367948311
0.2358170074844444
-1.7726317466338941
1.2765887326203285
-0.4385117417396663
-1.465339967453639
0.11044178628728228
-1.264716655839028
0.18655392707943147
-0.8416708335780759
0.3392495327932089
1.5440342391669808
0.20812390845000123
0.21744370470631305
-0.004931423740477738
-0.3302844971719718
0.19981803631784067
1.622465366663742
0.28567944100936776
-1.7558904220542806
-0.7566623311242687
1.0934796671581337
-0.38039196018348104
-0.7490968977063498
-0.844231666149767
-0.14086003439378614
0.8960411061584519
-0.39177030075855157
0.6402080484753457
-1.8481486972823422
-2.249574480371133
-0.6379515659559245
-0.3443028984679609
1.601779605644775
0.020467313394461197
2.359510064920576
0.18078072973631118
-2.023299560883729
0.12602764847428682
-0.526669239913034
0.2956426043752098
-0.06535919725594501
-0.05209403810310712
0.14252227077857907
-0.10663174403858246
-0.44941052790739444
-0.08049854447033344
0.27057180383603796
-0.833528907603374
-0.15599265635249215
-1.2244155927083096
-2.0144443863077366
-1.488162913035045
-1.6347568334795508
0.9812263253481289
-0.7003474140897707
-0.44117374329831016
-0.353172848027474
0.7873169456364567
1.3157390784925145
-0.32640929350541975
-0.062227107090643795
0.036347255535949176
0.8200522257789267
0.20355213077115628
-1.1665178667230096
0.27319318913912866
-1.6678777240425726
0.18792134887397807
1.0691741406041841
0.056779680109586596
0.5692403949819292
0.19855103577271596
-0.6602149536067323
-0.10862709359470606
-0.40732903735272347
-2.243997707437708
-1.0378416023166313
-2.533659380432745
-1.2968909614184778
-2.3405095015360384
-0.3208653420963506
-1.4747603090251769
1.0284697191894105
0.07237034746679405
0.03419166249949708
-0.08797317482192929
0.8988020950943938
-1.2039429459530326
2.1103110474142417
0.48201127955722406
-0.6698814440196891
0.28502383320800134
0.06670457812605426
0.43028890667581393
0.5821121252150809
0.29081693170903905
0.2126681398790432
0.46837280157346556
0.4487755149109847
0.08206109908065227
1.2985729393784424
0.33562815192208956
1.4379656247491412
0.1517611995050433
-0.9887952374101074
-1.4659061473802275
0.0875774808303416
0.24192293859921313
2.339641529867828
-0.5909012321240823
1.1319009918675196
0.6055591002824093
1.1135945876562252
0.4746709760839347
-0.24604351730093715
-0.4459148145136245
2.185703851344645
0.4564672929965564
1.106951990894217
0.2125864766903794
-1.131455936466826
-0.040980002548361705
1.0147841005045537
0.1991557421415424
0.34156723170098996
0.5164330642501208
0.12136188449445993
0.21191491756353537
-1.5509806123965668
0.17254219826027414
1.8901773201155128
-1.5290722733025643
-0.1688038647396521
0.4111411350817285
0.07702898625186921
0.16519193306684926
0.3906580096520902
1.3571917438375094
1.0274642771140523
0.336268512632766
-0.4135021243086741
1.1176004686014107
1.2728689684593366
0.8482323641730779
0.4087429052281327
