1.2167288745519598
1.464216815316375
1.7280968156655396
1.163692755359345
1.2514190518487296
0.8125219996317896
1.6494385938551142
1.1617295830449046
0.8292450262804075
0.5232275061373987
0.5065644264422109
0.11764609798750003
0.5196709362764315
0.43698383972123556
1.0335696920017434
1.6355501272294013
1.8455366094385666
1.008873192870692
1.561014561232486
1.1663940976423892
0.9649841939006619
1.3882891284038472
0.29276271978326396
0.08181626245741899
0.190893116357028
0.23025141744309308
0.5598064470744246
1.2767843857596328
1.2226818423953763
1.613782387179965
0.7342137252213755
1.1253500020221414
1.7714798409177421
1.0349731362049832
0.5764123905640192
1.1309980850899986
0.5510651945532942
0.8655993573207456
1.4491434280773696
0.8829176715728672
1.4179187717012993
1.190962594895642
1.4594210570548145
0.36735709316957027
0.5242225138295834
0.28605660713531644
1.1004430816236066
1.231552245608305
0.857306048187944
1.06726494999555
1.5436457790729634
1.123151990195377
1.3520187451753043
1.017538798470794
1.395164091993883
0.961694090481897
-0.11656084250624753
-0.21854448502523477
-0.8023784430413797
-0.7177661424231875
-0.07134216950966438
-0.5409990553061967
-0.5069741493527643
0.4316626512162085
1.6468102641327296
1.6464622745955377
1.7500848008911083
1.598459446604562
1.5142913306170747
1.3958928623319893
0.12331636617036967
-1.1008128846978547
-1.31955134957026
-0.7181368711708502
-1.0991807927993864
-1.1215967788767935
-0.5308946270069309
0.16056277772119498
1.2275383920098963
0.6225916981829301
0.4052236895182444
0.7896176836673233
0.9803600347969343
1.7579772147753927
0.2656173828873151
-1.179963186066989
-0.7697155849280712
-0.3865179608344748
-0.5660245075490762
-0.33598472620328523
-0.3002018069558301
-0.3043789409001568
0.6826244973701606
0.6432542282986294
0.15121463977466806
-0.0018636742250067169
1.1086179257611954
1.1415083838567945
0.13195944719183855
-0.677246831968532
-1.1614293045550232
-0.5577131869183524
-0.3766275850440565
-0.8119426742833286
-1.5582019258113309
-1.1689142326554567
0.08757184959001267
0.354582293690438
0.811219382633402
0.2902132839202711
0.0987881917285366
0.46992374408657295
0.8764424571988123
-0.061198365071709365
-1.1000690981378538
-0.8914247467243941
-1.4220446560767424
-1.4712338916652667
-1.2454399893169732
-1.0702289764414243
-0.7962563448242875
-0.060456503013164735
-0.06358960329904291
-0.46016426465440297
0.3583882400853411
0.15330126103541655
0.3290779107233602
-0.1708557365641383
-0.053926421909885544
-0.5156156425148738
-0.547096900925667
-0.8230189698616258
-1.0894238390266477
-1.5152676828997607
-1.5471326618855763
-1.217222413297073
-0.148029836347002
-0.3670069830294606
-0.8659626665891414
-0.6717171260766417
1.077850004474372
0.7585957646190958
0.5020413816568722
0.13123898811708148
-0.16164069278249532
-0.3448562753659678
-1.2860926632984693
-1.0958537487119528
-1.250009732855682
-1.724531053916792
-1.2336179123682527
-1.053185912041714
-0.5771565630035604
-0.5083115440017774
0.38059533613425867
0.3000553357192755
0.47614990024013076
-0.9813165695128543
-1.2549402616699614
-0.49278301246506845
-0.9111231786666453
-0.9905562705053353
-1.9428970850510228
-1.1986134281299587
-1.0123291168950481
-1.442416865369614
-1.1302240013298015
-1.6553182853414403
-0.3491940485828223
0.04001464348088589
-0.12890207198442047
-0.8405758737664932
-0.3983835426292904
-0.8144266149023776
-0.9672670211606635
-0.7502772874399525
-0.6679960312223848
-0.8253859890127389
-1.4476240186967588
-1.2930196286358042
-1.186436421424024
-1.8680423114414288
-0.21380049224478456
-0.7092400007922928
-1.078354347983949
-0.9314973053037958
-0.7019699757795621
0.052587494919218276
-0.0577185523685246
-0.8412328583014548
-0.6038880979431306
-0.3809104147831674
-1.9640398740665603
-2.1607424161715283
-1.753169327494527
-1.8186125120964842
