-0.8965391930796721
-0.018830706550104055
0.14386660942760288
0.1840078444133051
1.1411411142850376
1.55288247998444
0.9839678449518899
0.5698718247766835
-1.215153087902486
-1.2009566554322488
-0.7769524103614168
-0.41467064394323894
0.2737220876334774
0.49477792608241705
-1.6304873013151002
-1.5303957552430867
-0.7617637105574276
0.6029079538835755
0.8618144555760955
1.7206816310382644
0.49719827157520763
-0.7872124519513715
-0.5891201412422159
-0.2882812491655441
-1.0788430354830545
-0.4615312293358322
-0.09221567861092465
-0.7463783704928063
-2.0025275807785214
-1.4387605462194943
0.3466493240258864
0.31512912101520835
-0.6148897346139791
0.13008094443494006
-0.3663806708412362
-0.3560594883698502
-0.9252298308139261
0.029519428112053908
-0.3638274555035155
0.5263369782866668
0.8337683555147481
-0.6953728025530458
-0.513766099749012
-0.935514277239406
-0.5457941240199776
-0.7763152701268803
-0.17344829805310613
-0.2935331601222781
0.47975570693856656
-0.546972181796216
0.23775816399965982
0.07553741304419673
0.007095590361634388
-0.2933239742244845
0.2791254188113564
1.0973855671975719
-0.9764040689446745
0.1546107856785424
-0.515159969057795
-1.2512633007697949
-0.1697660639927542
-0.5472143806374898
0.04647091767695503
-0.6270278810848015
-0.24168023694707846
0.35628827085123
-0.13244399752414215
-0.29548737362955657
-0.49737471002880296
1.0952934116409625
0.6662608976476464
-0.44045333765841815
-0.6703900583340007
-1.5604817564586697
-0.3367406827019698
0.0824982682309076
-0.5245212429999069
0.8060334945936519
-0.03628209548749207
-0.4108067453429031
0.5678336782284142
1.260521262276997
-0.2592230166050868
1.2441930546450115
-0.4409139423553927
-0.06403951591301613
-0.2999108774655392
-0.4566738072033376
-0.7304001151368543
-0.2879107976752097
0.3455601578742505
0.7762663783724707
1.282544802356353
0.7637857373376796
0.3084942351030118
1.6667297296483747
0.7117200369339987
0.33088564583798413
0.8837792328045901
1.2155521872542254
1.094011984512662
0.522080669040315
0.4402184586165273
0.6450263129041405
1.2264108674331418
1.7959077411337903
1.4580287892728905
1.0324862901776364
2.1123434401823538
1.8187731564320655
1.5314157219546438
2.434003356828261
0.2075807017504122
-0.17837673006824256
0.5321824287531318
0.5612566635267299
-0.6606184087862887
-0.8368825012716139
-0.06027711354867323
-0.012737036971238904
0.6685197833297942
1.274210578143257
2.0349264014997486
1.2544831444957871
1.8688047303831639
1.7808217072055292
-1.9772466532778317
-0.46565535331962243
0.04404596498915236
0.3113282303313518
-1.3621256182073063
-0.8909399404537507
-0.7798741000499838
-0.4106010858347036
1.722578467096032
1.511484948390158
1.5682061521216448
1.9549242611911253
1.8832888459842403
1.1613268304560969
-1.0662294805169554
-1.7202883627731012
0.06359840161609819
-0.6708370714227447
-1.5569186089129046
-0.4524747651792974
-0.8184860273052448
-0.49416397741749285
1.5356003968195846
1.574186409512083
1.1926888592679779
-0.06498604694667189
0.6286784129709212
0.5409721041349825
-1.5411314009055044
-0.7085328423563275
-0.6532467056852654
-1.6849605610308258
-0.7657951886144722
-1.1515948599536734
-1.2397223452350696
1.0529258916884106
1.2560232351642673
0.48790235503892987
-0.8374148864031148
-1.8334460644498238
-1.4873099794539784
-1.2345869063360762
0.1711807263634977
-0.2577561647226462
0.36637168393095904
-1.1170274978093737
-0.8816675151186636
-0.5356055236009699
0.9107797304072366
0.9747372052744885
0.7492524462161618
0.020538488789359217
-0.659075578430417
-1.2039328402016303
-1.7134354702970365
-1.4977373163058785
0.475414669588076
-0.725301127948161
0.1732367800476027
-1.1041629705834164
-1.4549690321132336
0.5151158561061285
1.1224479236349496
1.8588083476827595
-0.025974411963049168
0.43610123064096296
-0.5063871668656318
-1.5557538069120558
-1.8398471400526373
-2.70783074813634
