0.524556070828828
0.45421089515040525
1.9484311574739661
2.0319781103755745
2.199847879925683
1.0829480019135695
1.1923358874431296
1.1879235035712903
1.8814476799275885
1.2698019086637917
0.6532436933711021
-0.14955003831255698
-0.04908874877275503
0.1941250637672279
0.4484026932852304
1.0409738911160267
2.057228940786621
1.7970929828636868
1.630271068831021
0.9104303641851614
1.1011011157240596
0.7708386198229303
0.5443668118782604
0.6934091708752409
0.27168098570684646
-0.48383157135896787
-1.0663113783332174
0.046653489890903316
0.35437238056819786
1.1348539727254061
2.091870422832542
1.660042842360326
1.9034453245054228
1.1913660782983355
0.8305108312076017
1.3908228777067062
1.2437228602690285
0.9270704914721586
0.33964566161156323
-0.2367008822536995
-0.8302577103858426
-0.6801172888884116
-0.18183902345956013
0.17392241511381587
1.2057265080084754
0.8265046558448872
1.9295751317224674
1.8589000055721447
0.7606753608269984
1.8304442928882696
1.3511315018830106
0.7367384555916573
0.7215502496868077
0.11707400724411243
-1.0387257582077976
-1.3241174132769087
-0.6692223905394564
-0.42416843825871287
-3.7489795059011804e-05
0.6324185863307851
1.1552085017835014
1.4487182371970628
1.5143073621872474
1.528331150767122
1.6996322591057045
0.9828353383042171
0.28613895499479813
-1.0585978337797803
-0.26481268939208485
-0.3875183092262239
-0.05643250929001565
-0.4396575142246844
-0.35395979542525197
0.4153978861129828
1.1775204825017995
1.3381028687543937
1.1700632786796124
1.0553653061633337
0.7462341265039111
0.32142745525834404
-0.9999332044835921
-1.2808064339701337
-0.8504214637293057
-0.2709374898602554
-0.1854026897619536
0.04535251159325935
-0.053352191005257114
0.19604803753241767
0.6309023502376468
0.1505643170766512
0.6458276096916352
0.47758055333775196
0.07015496002358074
-0.3056357388150176
-1.1465570820916577
-1.0609061929485646
-0.633291450468388
-1.0466265490989244
-0.3729978574290739
-0.5154676093190946
-0.29030997910973744
-0.9963233441219504
-1.3639664425670541
-0.6453232175657638
0.12668864339195166
-0.44074792779912236
-0.5719488091347235
-0.474827341343703
-0.12810322854430045
-0.19149316576173633
-0.43356830941860114
-1.367855061837962
-0.0012023599899221703
-0.13585883061721468
-0.6325052819708742
-0.5299735302947367
-0.4092638715810401
-0.3858910941657517
-0.864020394990492
-0.18582181379435547
-0.8961029377942292
-0.9843942935421962
-1.1267046745041487
-0.684403124656133
-0.5363467910593357
-1.0655376593933767
0.2377714603906082
0.6602681143655061
-0.008323439992640673
-0.2647727436530877
-1.0333948974085283
-1.0199378180488745
-0.7583796146362161
-0.9421660975995442
-1.5760639349356933
-0.9353144126103796
-1.1331232460479999
-1.432545474043842
-0.19753284644594352
-0.8005816158529786
-0.02469814285703954
0.38752169117000007
0.332960556822927
-0.6316407132158617
-0.13801289508505504
-0.32021253406276484
-1.1801057198931477
-1.7803224214150746
-1.8094328353925455
-1.1769717201092424
-1.320965403887247
-1.3743254842466102
-0.9585466270443395
-0.4856902236993666
0.7616421039598728
0.6443920765174955
0.501215286594651
-0.2613507887412518
-0.3141817886447831
-0.5398016156748076
-0.9223795623771611
-1.22835189260683
-2.1940970905702804
-1.1494381274908527
-1.3201508591484223
-1.8061022118526457
-1.5251240030785638
-1.627317343941986
0.5451540019029927
1.1724449465952576
1.086133201717884
0.2613742402520618
-0.25338829030504273
0.3148491254945971
0.2601585391852989
-0.4929860813536877
-0.385097143805808
-0.6272374950491945
-0.7062382951947999
-1.8285215831008887
-1.8780847661046955
-1.944209614246369
1.0135299348999887
1.0287890381193503
1.2674170559887437
0.6134727026670519
0.9228113400498636
0.7926163938992953
0.4216913779709779
0.08996049276290045
-0.38748275570588525
-0.33642891649782886
-0.507062732132603
-0.9870607190903756
-2.0415070268360953
-1.3178229867195568
