-1.5420066558475762
-0.3254707772643421
0.4123587190179155
0.9294201169518105
1.4293084423545304
0.6733790044765915
-0.37108684611336207
-0.6023860814964385
-0.48334304793042976
-0.7486682567019121
-0.10713205476591756
0.1955268946487863
0.29630213900086594
-0.39916375203388754
-0.9367767050533331
-0.24764952150850725
0.594144346368183
0.7561138589426188
1.0085337369755043
0.25531335210943173
-0.289944122614297
-0.8039130922449075
-0.5346800925084555
-0.2754520636747615
0.21762144451331308
-0.22456261958192983
-0.39062280975050623
-0.17479575825184182
0.10158040252901496
0.4851325848235032
1.0461079997093767
0.9850019588500356
0.9344126934816538
-0.16236418225006835
-0.3276469016597942
-0.46452390280494327
-0.056123145527936937
0.7473095857333546
0.2440213688523506
-0.8044531270184657
-0.36192578735606423
0.1377207061681629
0.05579627492701765
0.2531196414921349
1.3486660517075613
0.6797592064142727
-0.02676350201105403
-0.28068282595534944
-0.472586796895639
-0.27801343183459964
0.39629920833843424
0.29902427361098705
0.020033421452245452
-1.3009882101850856
-1.5286227922900848
-0.729495312900056
0.9859507905288616
0.8030164110858519
1.238240683251967
1.066487231167972
0.5646370845051449
-0.09756702718617362
-0.10681213219097399
0.9530795533672379
-0.10504045190651103
0.37764152034744075
-0.6448552162846858
-1.244868011033419
-1.0643059948025955
-1.8567626345573665
0.8417513659433801
0.3902349722849762
0.4292204044884596
1.0503466662136454
0.970286212166459
0.8670408467397803
0.27197574428745375
-0.021835658169043648
-0.4130319076933893
-0.6730346797044934
-1.1933376610740383
-1.3901218968640041
-1.5156997162887942
-2.1921171854059924
1.5850822768162065
0.6804916487390177
0.16002988590257833
0.24343630239451744
0.7506624108974969
1.206950004791554
-0.007635783877456614
-0.23453936056893618
-0.6285530855273844
-0.9288582021086219
-1.5631740049323077
-1.8494777304740708
-1.8954466444617226
-2.2633920320190057
0.9424464944931136
0.4442858220749808
0.6150426229089856
0.5347835931861451
1.1809733069335326
0.7987720623262843
0.3308129421018638
-0.2221759341556337
-0.711815181145628
-0.4759114214246241
-1.1678520864206352
-1.2568686608144366
-1.8280993609083902
-1.4639133800645237
1.1140549615576254
1.7078625549875157
1.9814740553995696
1.9261729311983447
0.8194398293265318
0.3148054432300353
0.32894661457675556
0.34864467595165993
-0.3592716875977328
-0.5764976780863749
-1.5757303211293407
-1.948788526823629
-1.6971637343215589
-1.4841446843308193
1.3599321780828983
1.046225352477438
1.7593314703003295
1.5113304417812135
0.7536840590494547
1.0859460425272434
0.27093098552926714
0.10203614594975739
0.47734890987329565
-0.500602789571334
-0.5721916759274969
-1.8952233463420254
-1.8027017356929236
-2.1782300099633254
1.0669671590384258
0.9609136849652488
0.7988825689848492
0.7785448520733087
1.223319356261233
0.8109351118252748
0.4103956037574804
1.0466906255764703
-0.027124644494566866
0.07315021715976719
-1.2200364863410476
-1.8221951996233043
-1.17674814782996
-1.7169852824716652
0.0594274435775488
0.7143554437171117
0.4702732113975443
0.8323558775407762
1.2807151550856233
0.8439528391419915
1.3413779494703344
0.7469181208513685
-0.1064469666266253
0.15943696186935066
-0.39351491280463063
-0.9031871717384667
-1.1533900431681607
-1.3547767282068512
0.18085568935509236
0.24020506932863953
1.3130060163340884
1.342645236081509
0.6782007345708319
0.5763436087242312
0.7203513294441154
1.4405569246450274
0.43568894703812017
-0.7903132573041985
-1.2853125949623652
-0.7370876544961401
-1.3085569516677173
-1.7718437759269512
0.8290588955218301
1.2784310866962674
1.0748721680245237
1.4860655771370546
0.6431573450741171
1.0769967639520492
0.9923982363619055
1.329897741601052
0.6673089370484431
-0.5350177020759409
-1.0143968300566877
-1.3051576162036729
-1.945808227465875
-2.191111833078361
