0.21096396143111792
-0.47257792037377455
-0.19996208666626947
-0.7139132047341126
-0.7770762832465813
-0.5122845569198051
-0.7421301488912437
-0.5874607306993807
-0.42738376756878255
-0.09640754100278334
-0.2993175412252712
-0.7730374735980011
-0.5109443812108407
-1.2469424291507363
0.41877385880990076
-0.10869888471980212
0.10274824652001067
-0.05505199643653724
-0.2829274661715052
-0.6204130260264797
-0.49350858242186135
-0.6238523695993774
-0.8927074397291702
-0.45529293997056197
-0.8457742455748839
-0.6796505468680617
-0.987124111695238
-1.0891778610031022
1.1111606126277769
0.8292938133595709
0.281809325167058
0.3626220449373638
0.23072720245483883
-0.11175310774581314
-0.37506883597671253
-0.8490053097905291
-0.8121509966543378
-1.0082730489373264
-1.0129187450452248
-0.8321207650439891
-1.6766136074497173
-1.8071339045627688
0.9890551764682575
1.3612624124675454
0.9017090520739847
0.8896555548937813
0.4486948897960559
0.6185376258406539
0.0014407250197296226
-0.8512712246668309
-0.7230852074621571
-1.324034758808629
-1.4364079292442045
-1.4915110821994284
-1.9314831192252349
-2.2642526884404126
0.7316213329621865
1.4235781221936266
1.1542700919856008
0.7736007936950384
0.78922319696338
1.0532582647093833
0.36172949166822754
-0.7686682906248722
-0.5204590573567341
-0.5375729718001803
-0.9399377747547648
-1.2347969375568928
-1.3608366020204619
-2.0503911864475732
0.9201591721504464
1.5212154008240604
1.607952448126177
1.3612382218441081
1.1844389438547869
0.9752996832557874
0.1265770632883872
-0.5467555366397925
-0.7171910355968266
-0.7423699385031897
-1.0284322769539511
-1.3263266121250517
-1.4628187560293326
-1.6839509332036975
0.8511866577642392
1.5380212760027496
1.1585588655344186
1.5610473643218343
0.8901688012736297
0.47779878480329596
0.1619425759420676
-0.5121062465314609
-0.2348671563933067
-1.0059946676196738
-0.8828481262088871
-0.8912502344845032
-1.2020203966532335
-1.7621619312088048
1.5558749421587204
1.6109878700711695
1.5760274833638428
1.625215701495503
1.2266704170775993
0.8442891210434805
0.057878763003378575
0.03387181813379308
-0.11938195869614052
-0.7630488437935145
-0.5951246621099991
-1.105283970330089
-1.0847061015053399
-1.0168279519460275
1.3937298905811484
1.2567971213354812
1.4800707519685123
1.5505029654415101
1.382068231984389
1.2611956642395208
0.5114521365835611
0.3541619437467158
-0.3248477122577796
-0.2827575302174796
-0.804874497275028
-0.824190560412436
-0.9000813979122184
-1.1669498091310881
1.3117333981562342
1.0637009203511452
1.5435811512140736
1.948754263723927
1.677130013010874
1.171526935265392
0.8720638674993658
0.08853335546435487
-0.5459880976669818
-0.7547456479015785
-0.9772851663231645
-1.4666223156440068
-1.0419740136603273
-1.5499729312939745
0.7640941411631851
0.9291589719752675
1.5419027191572854
1.5856789630948225
1.1607432069149792
0.8601553152247388
1.0282581457944127
0.6393736384628582
-0.16330770356902632
-0.7547627770144131
-1.009535621141107
-0.8897982911527091
-1.4808137923455582
-1.1553321307437299
0.18783082571045542
0.3378208121081975
1.382643746020706
1.3671765687458708
1.0902617792390004
1.3113255658098
0.5003147008211422
0.3560619330223429
-0.1639048186712745
0.1255734315149909
-0.4813159222391898
-0.817284325147211
-1.0649032634428561
-1.640955610645773
0.04571101078005185
0.6275210405650372
0.9638937114201817
1.4311606088178126
1.0053291997503508
0.9601513189333423
0.5059219252574308
0.5423634564310127
0.33333488405969974
0.19740278209321138
-0.24555285751768835
-1.0462949273864903
-1.1316682197895858
-1.0332611594202885
0.3398748866051701
0.9020648964032895
1.2672438498249434
1.0234620036186013
0.9619927125527729
1.088810368547295
0.7069656062685169
0.6546060568481274
0.37608588459341674
0.07083989221875138
-0.19913675883000115
-0.9085750878215852
-0.9014638974944038
-1.127281474393017
