-0.6830497308451994
-0.8060613190343195
-0.6346299405070142
-0.2080596526484854
-0.8842680576392066
-0.5032348954216019
-0.8167522574331749
-0.8852833598423385
-0.611174617919583
-0.30613154194067843
0.005941777386605206
-0.6770194469713551
-0.8794034847143125
-1.0698227435714958
-0.9676144298923595
-0.7853809518643882
-1.126145784159637
-0.638484835380562
-0.5001171362506392
-0.5174708760894265
-0.5965935089715849
-0.2412564073722147
-0.14894095577399522
0.20741876152698832
0.05149940788221051
-0.939556220187276
-1.3155060179107076
-1.1336873861517862
-1.6038634140957284
-1.7468183915058697
-0.8652252486152421
-0.5912965054494518
-0.8272893242371534
-0.5869001603451268
-0.21364478923397015
0.10246666132348713
0.15532538658963174
0.6501845199617197
0.14702539943268436
0.030530332760657912
-0.5530107514745896
-0.5964456695617979
-1.8028456061441682
-2.0966200066825276
-1.2273418580144315
-0.8478790023994379
0.28546246466039277
-0.3774596482659189
0.22252689787986699
0.6210557279713917
1.2938059379550226
1.1994708230959752
0.7194551006360969
-0.5214310394904802
-0.45311673830925164
-0.4938056637449257
-1.3495180429362315
-1.7012598190871593
-0.9057089374151034
-0.5164091814322984
-0.03044445181961714
-0.3430885893304399
-0.2842742398978425
0.3556918124417529
0.974265244111185
0.5802994870937853
-0.027246970630591276
-0.5458859483293479
-0.5706193183053001
-0.7022726050017067
-2.0063229288953135
-1.8627154908359858
-0.8441265212949889
-0.33801308195230273
-0.5680769462732256
-0.06802794845557564
0.56282170691502
0.029250577582450137
0.628392559100835
-0.018282647319117728
-0.5449141177142988
-1.2137094402360573
-1.254563060334471
-0.7379331124897144
-1.7447413572298824
-0.9636219019962098
-1.1379074927285104
-0.8567793704242761
-0.45301142112309595
0.27809504593353845
-0.14034711620128085
0.3672010923008676
0.752847457251117
-0.011261379755714973
-0.8947806439725143
-0.9834504658818657
-0.6988810895302655
-0.7945470234683157
-2.1638788484980513
-0.9882716306002899
-0.37293475348982974
-0.633017859468776
-0.3235082299658202
-0.08771382862772194
0.006448229083660892
0.4783623578707064
0.7374365953338536
0.09005352175007877
-0.5153371686800833
-1.0708405249026145
-1.3359738272402544
-0.9251005010259611
-1.9038423801980293
-1.4228098248349135
-0.9515071581468943
-0.8516481554479532
-0.2918662130285263
-0.052425203561359615
0.5298896403152329
0.4496403518687579
1.0224979753677261
1.130741422933076
-0.06655852828449894
-0.029654704548664965
0.19440080930791243
0.2056448703395528
-0.8879741612027999
-1.1254537342763178
-1.1755030701434912
-0.7413150190277621
0.2545840481386041
0.09090901893444786
0.3787894052508824
0.865691954362426
1.913502177507934
1.2763251820560284
1.0642129957542155
0.5409783772006168
1.034744187243106
-0.12302954181534734
-1.093907615257376
-0.7031278036786721
-0.00651357441816232
0.41846237741760933
0.28822625844544464
1.0818902048446575
1.5692849902575527
1.2339827968252486
2.081295479027406
1.8185089836450352
1.5255062975114784
0.944114079483753
1.049162338027715
0.02083643191787707
-0.8390966253973899
0.20563915815666362
0.6565801039458244
1.2813721259091018
1.1641594786600822
1.2547192234411841
1.7123741460726505
1.906911508913632
2.0990790867157822
2.1462154281865904
1.4592175648878012
1.0477550608855677
1.163093033939033
0.6299510317368436
-0.7008365982179091
0.12310980621686861
0.32441683800075133
1.0075436904483688
0.9774301289634982
1.2161014856819061
1.261872020766586
1.8764778082129068
2.221007498520587
2.0265954723849884
1.1864168084327233
1.0636603463105287
0.7554826092368446
0.07998219987485035
-0.5794492859033793
0.26488975846101925
0.29647421115501765
0.7131139288805936
1.964713230035114
1.3637765388756358
1.8131063169968638
1.435321122263144
1.9302121818610294
2.252577316998678
1.3268363217310906
1.2216613032163282
0.6625674223563537
-0.25309244889803134
