0.01745569362288226
0.2808465784753934
-0.20760807134758807
-0.7246792573274746
-1.0449321534802547
-1.4235047761159774
-0.6676113487623085
-0.5321904194900449
-0.24158080567830617
0.06853348719107752
-0.30067002657371433
-0.46138686547956803
-0.4231773538337373
0.219927748850745
0.789982583120009
0.6335465181356724
0.37392389179283486
-0.861233380880142
-1.2255528868255838
-0.9087837389461612
-0.6496370845551261
-0.3161545057267197
-0.43692277533308205
-0.18081998443483716
-0.19931801462976476
-0.3763356465750604
-0.3761521514897341
0.14365259545131642
0.5625918606754526
0.825267071219885
0.615277301752095
-0.5525832703382745
-0.8467611080897424
-0.795618837681004
-0.9601994377151414
-1.0085214101732576
-0.7661628253627663
-0.3234662856691893
-0.24824200599817703
-0.25022528599672333
0.062269049885288176
0.5890288433275825
0.8798397015384644
0.7247279099941843
0.10775788347855558
-0.2518411434467899
0.021149385767130515
-0.5514991552059763
-0.5762467672577178
-0.675981954736071
-0.547796744717777
0.32778916049321877
0.3889564507938991
0.4764846431423352
1.0614732060165626
1.3503190833861896
0.8522557397213724
1.2808281553879306
0.803474920476684
0.32622547435572735
0.1503220778254048
0.12930032835566568
-0.4120883971873618
-0.240742487606654
-0.2687495637045924
0.10383352485813156
0.7383593766001327
1.4033622977697588
1.2711847798956837
1.7134969069830692
0.7686438107194059
0.8740905914797077
0.714638264229357
0.37554229294949576
-0.4767068840371089
-0.0037709749804973277
-0.3057828220568304
-0.3148557054280447
-0.7510238838642196
-0.3222898896192021
1.04263108798593
1.6956278759457286
1.6763041313222664
1.657331456062361
0.0017341331304005286
0.17579163608431603
-0.3598987679718706
-0.1415523823286886
-0.7747192007900005
-0.5598938339135326
-1.0318995072900976
-1.1877887118113302
-0.89358928792576
0.008375000106980132
1.068026787514744
1.1693938965118313
1.720843991608752
2.2419383594163835
-0.6116032783748557
-0.8410935514236018
-1.112159006785418
-0.9124689565124452
-1.3481527645824933
-1.0078161866411117
-0.7376759377879569
-1.2966317097263353
-0.7237066451221029
-0.21438299850888007
0.7658193531160904
1.3783857820808103
1.837863721130349
2.3407213911058267
-0.8580475454335509
-1.3581190584085556
-1.6674126654619497
-1.9739232103328752
-1.1559595424498494
-1.2326804569517287
-0.843307919643929
-1.206550032510684
-0.3822086343492646
0.08995130736252747
0.8192921191313614
2.1260048230621114
1.6297035155066846
2.2798479848802917
-1.1374163667401238
-1.4481562522790157
-1.5580508515661742
-1.1329028033001256
-1.1149747444598177
-1.3270430707338154
-1.3124220262126245
-1.0124256273213967
-0.2448168620404037
0.6890175429451446
1.0933576915847547
1.1370061047473843
1.9602291605882043
1.7107932314758914
-0.694671602978065
-1.3655922961069293
-0.8671903184622511
-0.9736055430173635
-1.4353006152131664
-1.4736007871105612
-0.9215034529081937
-0.9285476181156948
0.022469745203711596
0.29533923759616226
0.7984237463273971
1.0423439300255808
1.5889882992499371
2.049393671968128
-0.1350848572421147
-0.22323386201667675
-0.35145195772970284
-0.9863763566127819
-0.9559444568496641
-1.5041130423163724
-0.8283779016435473
-0.980828450795799
-0.2979025376149256
0.951191192512014
1.2777283201895244
1.271860827895674
1.557132665191141
1.9153515650373154
0.16661913349767163
0.03639597015288665
-0.1345617620323197
-0.7800961911045756
-0.7817700856935974
-1.6057625521889247
-0.9526477155516261
-0.8094476989162868
-0.052207601394999734
0.8378039159884597
0.9483944792700448
1.3352925213652622
1.9122884968374927
1.9660762591500254
-0.15240766964715566
0.2278596590831244
0.1553082479262976
-0.20074132842014356
-0.6704768738447208
-1.0078487116777741
-1.108424044551278
-0.9299671554994615
0.2824539764358657
0.9064647759358937
1.4012924155685431
1.3459135676367098
1.9917335296758543
1.2140721094612028
