-1.237495132636077
-2.2261462721549754
-2.225452941402526
-2.145677551467559
-1.310542911089977
-0.473309835970479
-0.6144172693046699
-1.3857763243039336
-0.7562358124914916
-0.6451398940868531
0.2991639272497946
0.7003964803983845
0.7687625509076026
0.9767854493389078
-1.9022028997831675
-2.0689310396523832
-2.007043547467632
-1.8250509793633238
-0.9688252124939795
-0.2272961660825322
-0.5752004334008795
-0.7003704422122254
-0.0385639659275489
-0.2676240317142222
0.3759878273997538
1.415491210822859
1.7037969871321115
1.402451308552925
-1.4266853137124882
-1.6158665022485206
-1.3163598240835694
-1.0157654912898924
-1.2317620281786101
-0.28631375212250154
-0.4203679895449578
0.5078816415312951
0.3960540023411735
0.5039588564713784
0.5445069810819307
1.7007112219712799
1.8643878892417691
1.3013170963058784
-1.7845808926978035
-2.1677241232873015
-0.9027854156522443
-0.6915133649971467
-0.958259210997009
-0.6158598623437264
0.28202620205338075
1.1354378075716531
1.1929035627367897
0.48466313979497105
0.9730046852824902
1.3912524420583574
1.9738243464000462
1.9333786040551175
-0.9420011207571449
-1.8758887804825375
-1.1536782989496304
-0.960480154831492
-0.7392600964654822
-0.47082196672355975
0.4658426484024417
0.5161020870529918
0.9688649360708255
0.8995290820798554
0.620747548812991
0.9181729135493021
1.5686805794847924
1.2020744382862807
-1.3115415274961963
-1.5380653741580899
-0.8274440787970583
-1.1329368155039954
-0.9110099228820387
-0.05026054827044283
-0.03189907127112896
0.049872939031210636
0.29872238539103624
0.9961630688933949
0.9474293944925956
1.3462522710774352
1.541216506127946
1.386451164199421
-0.7636738001134471
-0.670572634479605
-0.7983722043643081
-1.283813590591546
-1.1139851099547438
-0.2771455057626002
0.5804799580705504
0.7447138216794111
0.9177523811143382
1.6127267955085285
1.404884581050192
1.0891183213633335
1.2108771660692494
1.6987989704525603
-0.09851987617065937
-0.1770327715014109
-0.8737343559418698
-1.3348485589625207
-0.9058465604776358
-0.5845656910119454
0.6351712912223075
1.3879901389247624
1.362185688222765
1.7913223033630108
1.5678049592224441
1.159734558320439
0.7638429580820789
1.002301433263707
-0.4766091014149492
-0.7660450368103422
-0.25961131168729185
-0.5053170725235566
-0.4183123697853336
-0.03729781990114278
0.6348965289543921
1.0411603375572254
1.4288986454108263
1.8167306064929813
1.0602665648160325
0.7956772626830464
0.7900723611910415
0.8027797837330811
0.12283574894973019
-0.6286689054376573
-0.3494544065558675
-0.4886901819618361
-0.14891565767101297
-0.3127933633472739
0.2904121811036249
0.6126273039640322
0.8905012599706384
1.547633127425666
0.8473999402794211
0.5827086877188288
0.49052864011482245
1.3287569401130999
-0.1542177662371386
-0.7360005990464686
-0.218941994426062
-0.6968862015594952
-0.7462874173607279
-0.11879250414907454
-0.004684562545942817
0.5871473011416064
1.3329391311599317
0.9176309893897905
0.1664953434255313
0.36871697535690146
0.24671240350993381
0.46024125093293433
-0.7685823898250905
-0.4558221918902384
-0.5421862753688604
-1.0213082769949808
-0.7486504848008424
-0.7328398628666838
-0.010219822284894308
1.2247943304409896
0.689539955980952
0.25381865006206294
0.2981563290035985
-0.5729241577130436
-0.26258624085102095
0.7009193356461341
-1.1863445756336006
-0.88487903534501
-0.8062492552879689
-0.7896541538960925
-0.5915032599272487
-0.9724833088918114
-0.42345815563059286
0.8604568523861796
0.9847830357816603
0.01354378629833663
-0.30303781932780316
-0.2080827075861684
-0.2683851516640956
0.7075854326043223
-0.7914979124969914
-1.030778110515852
-0.9215588407496764
-0.22382203354662072
-0.7445900822198567
-0.9787695015691417
-0.4787697245586825
0.46583714506551216
0.4859800759302106
0.2956969045082399
-0.4736652765490648
-0.5204993087583815
0.28814521960839684
0.7262211609610997
