-0.3094703237067975
-0.9272264161241832
-0.8136056542090546
0.3891498911371245
0.33979965524267
0.6093932479854215
0.9443255715143433
1.0468945063894888
1.0530272673723617
1.6706154023798776
1.711875604980256
0.48942867095665754
0.46075098356757566
-0.104847729831021
-0.6001600643820109
-0.8027662248313719
-0.14703745481385375
0.22381254611208262
0.10903091048006806
0.7489127707826858
1.4474515683593419
1.1610583509993844
0.7984667159123835
1.581146393688971
1.6833053756298106
0.9278649547711473
0.2594544525767204
0.3368375080342158
-0.28403684871285095
-0.4605436015407842
-0.9007507878482686
0.00029651628454054995
0.5444857846948049
0.7322117926992943
1.2407774976038208
1.3513962546296439
1.372775099148475
2.1722204776997756
2.253924299592517
0.7709448944459149
0.44267022136632744
0.5053081038737236
-1.4621640488368541
-0.8381526300579285
0.14878052714060494
0.20996380413653717
0.42904156232726026
0.9235696059380596
0.7332104759058615
1.466710801540122
2.0143052627661824
2.0843293210894713
2.184887909106998
1.5275584685716157
0.3100235475271676
0.04870877961116423
-1.1908017795977381
-0.3950411568702841
-0.04894927474793982
-0.14625204646219458
1.063775221866027
0.9367941169806714
0.8307324866923811
1.1764790516981545
1.7402870600454297
1.226460299694197
1.149821246407945
1.0076201320196936
1.1250257684884108
0.7588587251576999
-1.1509324538640966
-0.44066524963113207
0.08822938384111209
0.2955260382167774
-0.14697341723404173
0.5924874094887989
1.104471825864834
1.6861672800967564
1.957464853251738
1.6090846928453435
1.0741541408910513
1.1018502272875152
0.9377142912799445
0.4957916536315994
-1.0322285173158732
-1.4447895088932539
-1.248033285958497
-0.7183111585493821
-0.356414880875821
-0.11480771964340405
1.285347468288781
1.0696792522235625
0.9479993381327093
1.2917192556513242
0.590116679350746
0.1645900740417169
0.21191003250019302
0.48049332700588754
-1.4545764636953153
-1.3556886445741827
-1.3167772731643905
-0.3516763837341152
-0.653489711779899
0.19174936135984183
1.1744451973310739
0.6271641251624687
1.3153034282549747
0.7278140508875821
0.15440902457998817
0.14983625606673875
0.5146988900862471
0.26181851381584687
-1.5331597498408234
-1.3820334198307058
-1.3696652821001323
-1.1010323445826444
-0.44945660135900317
-0.2637397802227028
1.077205161881383
0.33034901350109597
0.8245319519364245
0.7236734210775412
-0.7274378543344463
0.05702555895984495
-0.09810216012554918
0.24781397740494993
-1.4426503400215482
-1.155563843302541
-0.6620562875503229
-0.7954247357296044
-0.7828831977816288
-0.2656704661671351
0.9934074795349386
0.9225908217069259
0.6057433129210392
0.176222365708291
-0.22573232612722732
-0.11213027963377255
-0.5796121797595699
-0.5699421351829372
-0.7899361988884869
-0.9699717343986779
-0.7157348187238733
-0.76867434756881
-1.0113742288113197
0.2649011995504989
0.8506487769543535
0.3870052563002081
-0.8122513007616433
0.038552527465442424
-0.22235838706188932
-0.31856649649369084
-0.8532672162850837
-1.1494931418028205
-1.3785257253153487
-0.9431975801870544
-0.7330689846476436
-0.7215466976347936
-0.7488282754362716
-0.2717346400560631
-0.4538884529010185
-0.2473829815854877
-0.5663978646600784
-0.5864497297455079
-0.7368311349079951
-1.0126026057557618
-1.0839067928791024
-1.263623991162226
-0.3855233088168982
-0.13552514374986632
-0.01022581573497407
-0.46377554220840184
-0.5999231903350558
-0.22598132271006496
-0.1718010944074917
-0.763447204914634
-0.9603914948939266
-1.0239240690724891
-0.826933180402348
-1.5137682368533874
-1.8225057729035135
-1.9199322394438918
-0.4014369895235137
-0.7708938608016022
-0.31561314896219705
-0.658129050846136
-0.6663765315204153
-1.749366300120628
-1.2468230321246319
-1.9049030370708009
-2.042586860928982
-1.3101482371933644
-0.7565498006217367
-1.6070080678697227
-2.294686790193101
-2.43700801492784
