-2.442506480305196
-1.7591508376541218
-1.6156371655038166
-1.7134189565107802
-1.94801200037685
-1.7070672433249259
-0.3462830654204036
-0.4387557148890608
-1.2730269279976336
-1.0345108319300405
-0.35481907257046486
0.4458122278625837
0.2992393138764767
0.5243066257996754
-1.969291332945783
-1.6479094005906496
-0.9078615067688633
-1.621462340643081
-1.964176479997829
-1.1492764018948205
-0.8666886012173479
-0.6686514651577855
-0.5746132417386693
-0.28674288827893235
0.4399858688274605
0.4534000291023786
0.019557519670119705
0.2033645685008618
-2.1823254532209932
-1.0444248847749547
-0.6504993268646113
-0.8538182179980462
-1.2690791908637529
-0.9718338139058058
-0.9292569472464064
-0.29879214915029634
-0.41630085649026605
-0.14060657372875165
0.13512465493837708
0.33503336754984236
0.48916676236726875
-0.043632926176018876
-1.0592293105277937
-0.5704261626742151
-0.9262208056138571
-0.5294387623348615
-1.1566855689921152
-0.6140264542798421
-1.1984098161405752
-1.0045956336099093
-0.9490557969121118
-0.4919122556738531
-0.400448100434324
0.2047311075444066
0.0793041754301875
-0.14827316586012038
0.07541752182160473
-0.19486985836093995
-0.03504023674035161
0.03752609101830369
-0.963141180603806
-0.9975309359174566
-0.944751429307865
-1.1658404879858129
-0.8717916226269294
0.019882930130374395
-0.22372145850699202
-0.4601744761616172
-0.03827156968862062
-0.2831966595634932
0.47372621271734927
0.8274391922338041
0.8696486666696603
0.6940775199023324
0.3499419807360964
-0.08052209251495299
0.08082058011084706
-0.2622673746710342
-0.4595752105534954
0.39742140939260495
0.31114729439559824
-0.5010598320973456
-0.5297415633075009
-0.2049449797338928
2.0019448375526445
1.7205186410836533
1.4245778292514597
1.0165443648691888
0.4236997625062583
0.7539796852475752
0.24519113068304818
0.09260840940529373
0.680759859189451
0.06308781656801823
0.08702135636594367
0.3558681565489888
0.1101078844032411
-0.19994462467035864
1.8705772388465056
1.6442361349013428
1.2056859293836841
1.0754275512986775
0.6670734826965066
0.8045663258617504
0.36648894256652326
0.7647115166233673
1.0690924668724544
0.6781298537793966
0.04451262440695148
0.07208453360953587
-0.9169463278854556
-1.2337885922398193
1.3209551357489768
1.144408059726586
0.6639175649904618
0.8413035402983658
0.7849046444023717
1.2997094314945343
1.5356170361040162
0.9544641942116381
0.8901338215354537
0.3853221010809875
0.6761129768668616
-0.17127210284493233
-1.2233286595602755
-0.8962636661423872
1.2864649186200234
1.209403361506867
0.8096812285705594
1.1524617898384177
1.5175697329384215
1.0790407610247028
0.937465447262633
0.4432910641771015
0.7362083531743873
0.2310723011925507
0.7101151531461036
-0.19964241591409607
-0.9916483624444314
-1.1342910276333824
0.48242069610494287
0.6805233623543788
1.259348243693183
1.9029307992238096
2.1745686075887036
1.2550580530753381
0.44756698964272645
0.6079931201322515
-0.2751677309558889
-0.012923237517429305
0.3728419347000725
-0.6078156129002081
-1.6055228655048137
-1.5128095092424556
-0.43318835941347683
0.49298155350126216
0.6908373486375919
1.4481864423251314
1.4776540269993022
1.8359645508148776
1.2949052085678576
0.6990777617060283
0.297727519671129
0.06153874196061044
-0.20258292866963307
-0.4386876542658256
-1.5335614402332844
-1.8654199309135397
-1.230978294586012
-0.3286003824309847
0.028083051502158077
0.8263505006652814
1.8677260025830082
1.771439156879054
1.6099745932563334
0.41608328069975886
-0.2379171793566707
0.2624882202183649
0.05011050099257339
-0.5921019804141592
-1.6940608336241978
-2.5125236279157455
-0.7557922859142855
-0.1817272463874696
0.4654494872221741
0.7538083856296203
0.9327768305485122
1.9035162794170564
1.2919639418432793
0.5196348460729798
0.3808945318775824
0.6523931123972524
0.5877309744230306
-0.18286593178831081
-1.5330609119625835
-2.3567144090941725
