-0.2649033915738197
-1.1064135968475788
0.011821759027296316
0.7537505161152133
-0.161408886806448
-1.5872741825890044
-0.17509437145172085
1.2307931234968563
-0.3957395502911075
-1.1254373057051685
-0.31168030725119483
-0.7419445656637649
-0.45231271714684906
1.4806484925008303
1.1286093590597726
1.8741247937455563
-0.3599712503427828
-1.185298737954138
-1.45453516074633
-0.3534562458605684
0.28925060525113344
0.6279939367342129
-1.2213461056726387
1.0275996685126687
-0.5400152748467416
-0.3548588291172565
-2.103257816130815
0.25160150344480964
-0.08963505657474692
1.7831974904148258
-0.16996187662512408
0.23393794746482752
-0.2865381280119974
-1.8489069906789743
-0.18256049783091738
-0.8183717891129683
-0.3378845222312819
1.0536874409856756
-0.21096156697914495
-1.2285926054446277
-0.3929942619402528
-0.6845787446790648
-0.048861249921246866
-0.4665772057099561
1.0639390641173767
1.8656060844404714
1.1562080272803175
-0.39715886567303643
1.4636472277302557
1.776477231168743
0.08607135529706506
-1.455320287265335
-1.4322159955124294
-1.857529189235691
0.6425401644856562
-0.18078980529258978
-0.05910625106752994
0.476789130688094
-0.010659025454458118
-0.2223815857655509
0.05388030582360331
0.7963358001365383
-0.15773951797429606
1.2166534913826481
-0.13338155458209194
-0.5027995107776523
-0.06793534790948112
0.4846400391266246
-0.31707146875545583
-0.8797069610628285
0.5540274880879831
-1.064580337489762
0.4364996842893309
1.038787367810248
0.5658742525419748
1.687124389097304
2.2126913158841988
-0.44339616054498765
1.6420616733044804
0.964716247886208
-0.8474043058664895
0.6696906335837389
-2.0575993839367492
-1.3570825571872844
-0.2753011517418371
-0.02371525724936177
-0.14602972727470373
-1.114744839665625
-0.08114639307969988
-1.477586032666394
-0.18663007762183614
1.805847928595214
-0.06609935441572708
-1.0611899214248746
-0.19190558368365812
2.1911857104360655
-0.0621849187358935
0.05141526448577409
0.7716412536965657
0.7705914460554864
-0.781776218657446
1.1257694017869537
0.7602349025549334
-0.9786559770741332
-0.3527029285198087
1.8287121602201102
-1.8256854369017133
-1.1598370600695045
0.9521690120877107
0.8243053418827163
1.1662016420511072
1.1022628341499006
-0.3351071516138818
1.2952853335088788
-0.09767137326189759
0.33913161281060616
-0.04586024116167094
-0.8494156514649434
-0.24597601222833892
1.5477612066385673
-0.003997587328633848
0.5155123678400632
-0.1389417507863986
2.153472985394683
-0.3475142737845062
-0.20452027591780447
-0.4159763015686688
0.49784038183980117
1.2307957451112648
-1.129988941191616
-2.113673040847633
0.21176630116864179
0.2083185495155921
-0.4523927546853604
-0.5489084121292704
0.8912321130626499
1.7464126010488723
1.3116307174611237
-0.5382561455409501
-0.5654070524540412
-0.35938770903695694
2.0765617379877908
-0.15842458260877734
-0.6688880603515182
-0.1683004829357196
1.275162254129683
-0.17482043595571858
-1.715650648519081
0.04850198474179858
1.8271032135722778
-0.165160149055585
1.2574472212963197
-0.050430121527467835
-1.581827390281476
-2.20912881245916
1.4749111648552873
-0.42109607316168207
-0.38046904711144114
1.4832260882761599
0.9146818306887076
-0.5750285729445215
0.12725645731262167
0.6519951782681768
-0.5924187441436095
-0.8889119932680501
-0.21687687478553033
0.3780749977338108
0.5626961016687622
-0.3862294892433421
0.565047854886824
0.0021020987393928713
0.17378480309150063
-0.019592475756313885
-0.7735345391889741
-0.22250726934122245
-0.6785842308165181
-0.20502215056183767
0.13979574000315212
0.08369817464049545
-0.7657831724623534
-0.015358181275310419
-1.3348577874868894
-1.5109448221351824
-1.4858854061799052
1.217856852691266
-1.4000632254332501
-1.3352831707796395
1.1567795939448555
1.88544800589417
0.39970762394808673
-0.12272815024581764
-2.0078054662237066
0.752111667122559
-1.6261069615481367
-1.2477630194528333
1.034172894303771
