2.2429764411196693
1.9389507344687842
1.8365648941714081
2.529625041032613
2.2699857184949632
2.294224327028069
2.1263055015270695
0.22519873851141436
0.11256396799088665
-0.8429446389140586
-1.5630842477653095
-1.8359067668062021
-1.0014408884485535
-2.0778924880193705
1.8343281706180863
1.095398323024044
1.8310696322356907
0.9743350666962654
0.5520288222287785
1.7228984423292828
1.7089373367102378
0.177074562906481
-0.5867124386929681
-0.1789346557338421
-0.47459717991433237
-1.3557327652480593
-0.948888187984069
-1.8464891325694395
0.8642737863434174
0.18507620809553704
0.3088750063068555
1.0340630705638514
0.34590018056787236
0.646790338410819
1.0358413684335588
-0.39731579932562977
-0.7890180908635216
-0.3155485474695067
-0.346415640779561
-0.6772369029092254
0.04280477859914191
-0.7598857651595412
-0.2569655511084478
0.24088203681581447
-1.4377688405887152
0.3549344638563891
0.9875976091761093
0.46090733604354395
0.2854349098718486
-0.5895845061364756
-1.361016011006014
-1.3196302036187655
-0.7805133394348652
-0.43141138508644883
-0.06989109559323299
-0.431676354386236
-0.20868287969687324
0.23976452804598652
0.11010589479750228
0.8239525712257888
1.0090995483621756
1.0083655947447967
0.8916227967369152
0.4368734378300886
-0.7655213617633754
-0.8683828527781084
-0.29002587840836136
-1.0883898595781065
-1.4627033682102124
-0.7625568053758814
-0.2544085285343482
-0.2645616590905237
0.7310120044834505
1.1833216454285127
0.7998086198062644
0.11293993751557838
-0.23651356859558742
0.7159205937402786
0.8440027323019543
-0.6424658563018387
-0.8241122010800142
-1.2502513938341904
-1.6226287850126309
-1.7188773464477303
-0.8976464169830473
0.16809541699315753
-0.0908752431901441
1.0643914888888903
0.9568618166699221
0.5067255353426922
-0.178700839908806
0.1548131960096919
1.0638137037576296
0.7073275346122746
0.13877231250562022
-1.1184621316474384
-1.864532643237858
-1.2802268669853911
-1.0237594929756761
-0.5078976277915999
0.3055014812109087
1.4074666225194798
1.5120939490077785
1.1282055151856036
0.31624629491958256
0.15401835837697384
0.20520669637556466
1.1960761088443999
1.0359800775146257
0.3416037116998379
-0.9616663190534425
-0.6549065507474776
-1.031766020919916
-1.0518801206552615
0.0752977944977874
0.18876880831353673
1.3796442220879184
1.2588880454856857
0.28585240579469984
0.8159026068566104
0.20550782130143042
0.1866511385733703
0.875848506989466
0.2969852693873682
0.2103931547892493
-0.35246944066770464
-1.1897615689934187
-0.7778441015524283
-0.2350632479176956
-0.12078300238520377
0.6850442369873473
0.9775951762919314
1.5015475010156667
1.3573502970671834
1.8397286357712035
0.6097349387039523
0.032005072090813075
0.05254716301367212
-0.32196946266551085
0.6400253516715403
-1.2562711511483975
-1.02781912084226
-0.7953257148730286
-0.5599328716779414
-0.4843265838186296
0.28423272061616
1.379776322668291
1.3146701870593374
1.138757398704368
1.0589763091093933
0.517870398267021
-0.7162285289701781
-0.16801288852376842
0.2987612162068867
-0.8679392143780281
-0.8443174936605575
-1.9137872800379474
-1.2863366964461778
-0.5666143985174528
-0.24222143495573856
0.9449414694396213
0.5475870741767674
0.9998313372028199
0.23228035551092674
0.6908486008029922
-0.18086866045605132
-0.7549206492143447
-0.2750494118978078
-2.206620134364163
-1.0851336376341125
-1.5884235841070764
-1.53092607675126
-1.65752768872681
-0.4831642307142069
0.012869231907328613
0.710047494522668
0.028170384754962276
0.0014631870351082686
0.30739112802604274
0.058771281594618786
-0.36942205353116014
-0.11382102636684807
-2.437266480103321
-0.9436011874264981
-0.7127692181636691
-1.6251528667738555
-1.3110550236036236
-0.56917751982308
-1.4825631405825161
0.1800385088133419
-0.14931458213170196
-0.16654610224220132
1.0166292482290393
0.16010197859840952
0.25614013842385847
-0.18205913898024415
