0.939190460118264
1.5810304857064064
1.3157262873026299
1.6325980055861433
1.501813359262924
1.0550847062899948
-0.18665223351550475
-0.23047278951523067
0.07728760684591031
-0.0908001939728617
-0.002810311290890659
0.8220457975080959
1.1184418434657075
1.3938020365573816
1.060540569425405
0.8669730604293888
1.3897032194770962
0.7309443294058428
0.8318625316152517
0.05276136467890061
-0.21182735110080428
-0.6814417749669637
-0.08367166080668734
-0.19229352078178452
0.17429773346947355
0.4262136273236141
1.26562369894864
1.9776570588535125
0.7951165206103422
0.8683707628556467
0.6544742289927024
-0.0016982343193270067
0.24910777547874668
-0.47342365224941585
-0.5753700185552608
-0.6357668785809916
-0.3970086793214997
0.14584909040667893
0.3655554793023674
0.2935150205171108
1.3927547187289224
1.8130817360320859
0.4068698671199114
0.1954216566546839
-0.2732224423769817
-0.4498913408329971
0.024058320418570533
-0.4032659119993702
-0.013070414097081116
0.02156794323868682
0.030399418060558753
0.09986168610806176
0.6271479846447964
0.9929308214427802
1.0061001162800645
1.3111373072844168
-0.2412837832499695
-0.6316195659219622
-0.513345171528161
-0.19389625115870548
-0.24043328407241352
0.11328577115568036
-0.09418758666789212
-0.3569600787545955
-0.01445551551151211
0.3376771153875222
0.4011098551766784
0.7928653892335706
0.8358170352500738
1.2786185397869718
-0.547907703479969
-0.5233805926270437
-0.13716784885764932
0.25379919274383556
-0.41244479883543067
-0.170868985712926
-0.22269180557378634
-0.29328211159659956
-0.3469006475609509
-0.2141464062732318
0.5018012341184792
0.7378410077290019
1.2440907807909094
1.5925602892159558
-0.7145662575801672
-0.40300186767795865
0.2747402908719574
0.5231431385715377
-0.23525383859523655
-0.8595176326895301
-0.1964660418940004
-0.34682422940688035
-0.44083722800904335
-0.521540342502511
0.590537530291122
1.2719176598833413
0.9554183891141879
0.9942464650419666
-0.22480298080726827
-0.06579046505836594
-0.06594360055516867
-0.0986537449993616
-0.34363780240144415
-0.7003173973367995
-0.7586880209645785
-1.1719821623061162
-1.0912478384252162
-0.4865368888899232
0.2012912671703246
0.6709389276631662
1.2803434109101932
1.4405240501508043
-0.04665549731448997
-0.5540743315120411
-0.09388810545805362
0.5602333249809955
-0.08801086304041984
-1.4043259918197355
-1.6335016981987205
-1.7143569134831185
-1.3903266341492027
-0.5646126969029213
0.4347127519224496
1.3108004507095872
1.2798144694330982
1.0695194699551105
-0.13202772386190698
-0.36886735343169785
-0.2730665355522324
0.3078611751482527
-0.2766050110032565
-0.9021047743458928
-1.6410213746269497
-1.356935786561457
-0.9942322086721729
-0.2997368118324155
0.6000779195068612
0.886383395674276
1.1971743879628198
1.544900872983249
-0.8926612991153864
-0.5974073954537812
-0.33200734368299023
-0.21155501763356604
-0.4221023092699382
-1.391187386453432
-1.380793350574696
-0.7892645168947904
-0.7136669271053574
-0.13927239571125824
0.24088586261361888
1.439364903312477
1.8254992861545365
2.1251938669502257
-1.2435888953216465
-1.417191939557147
-0.8702260416592882
-0.7607714815096965
-1.1578064163960398
-1.356818062304451
-1.530402919099427
-1.5649048804773493
-0.6457289224158219
0.3134372635840443
0.427205378106573
1.574260341148606
1.5418814170628035
1.715282625753066
-2.282279178448204
-1.8466905901644117
-1.2895894473601546
-1.8035081045021188
-1.4391780698152878
-1.9517258108078084
-1.9905407156961694
-2.0631581112809227
-1.0991529800430302
0.2196600844462605
0.8948665281773136
1.4607744901907356
1.8171602057049978
1.9671505612580555
-2.283930401433505
-1.7517447770202486
-1.6396340496579889
-1.0974939672585917
-1.2919682603564662
-1.68776654985621
-1.7221222317246456
-1.2404653336935199
-0.5408809719304212
0.028235836553532075
0.1045204295849713
1.1188758574472726
1.4341157891645513
1.7174707270231355
