-1.4191979751616002
-0.6875141377643229
-0.8670614923946727
-0.8244876318492983
-1.2041702407169304
-1.078972174727547
-1.4130302860107524
-1.7513348845063632
-2.032201701632966
-1.8856976490649373
-1.0373642239412633
-1.0341689396332316
-0.6566230773016607
-0.43313353328600773
-1.553417999737838
-1.2616325326107383
-1.128085627662728
-0.6597490832749108
-0.9857143923367137
-0.9813042308054704
-0.9723505568106553
-1.7403943972134268
-1.5892686223654964
-1.9041541672614686
-1.2255200947730989
-0.3826289492824063
-0.6646938727644682
-0.47734691288459674
-1.6087800961161394
-1.8106071607371785
-0.7376791951201599
0.041463367139650924
-0.1292671478940289
-0.6699377029817706
-0.47982450657397213
-1.1172693377357368
-1.1598928352155207
-1.3596378482155738
-0.3654707405829285
0.019123610900387757
-0.702157675283797
-0.8442428965573658
-1.4260382208377902
-1.0762292576243073
-1.1680631907681511
-0.021829397857519365
0.07236247969949308
-0.16155723295596905
-0.048637162028975854
-0.39956511313228255
-0.9693526122705104
-0.9945435131548954
0.12853157698126302
0.6516236374981819
-0.05831793682430924
-0.5609816623815419
-1.7864979074084453
-1.4243808647597673
-0.5087001798352808
0.15154024196066518
-0.03663513840856539
0.5193331674095392
0.12826248460027195
-0.755308761521662
-0.3770517098880398
-0.2612198136428994
-0.17895226148946441
0.6891143544843422
-0.18827117000592275
-0.7517520333437697
-0.940998177837156
-0.9187137852243226
-0.5425022004071098
0.718219761770638
0.6642777338080142
1.0001803727059317
0.19562269463034776
-0.7112556885018798
-0.8230482898774291
-0.5088667623876018
-0.2196858208703485
-0.05357366023740923
0.08303938036142638
-0.4936324211424569
-0.0861640773474067
-0.3958305881893255
-0.26087386926186934
0.7490193491198031
0.3028861468996831
0.8490098122652645
0.36642792271084146
0.08871990053504689
-0.5397795074954906
-0.9613190049628353
-0.5670498417869696
0.17471454519644772
0.015349195450767003
0.14540483054540385
0.7192390828677454
0.5406778672262909
0.8988868809923551
1.314081426258835
0.8232774659924692
0.38239361035314673
0.9439138118208779
0.5335050180400196
-0.0542111996318374
-0.031246438229041554
0.09699731927356288
-0.5398841703998701
0.22641165876278704
0.31558460919277104
1.0984239917374543
1.0752832692224898
1.156348423952266
2.3962741603363225
1.164674024616111
0.8019981317598747
0.8491729642077445
1.2090866326049954
0.718443839089407
0.8550829107533545
0.17124536424418052
-1.2500052407476598
-0.2903028764560646
0.22109110911863852
0.8877131960132554
1.5958765064390197
1.8173503133118691
1.5469787370433736
1.0288076369939056
0.5431887180712099
0.956416885315425
0.7416635042908152
1.230184862116018
0.430437884101544
-0.20720168061452607
-0.7320178621788749
-0.7994935042267823
-0.263970825829354
1.1834270388516372
1.212245235381617
1.586673834452983
1.6985119667833946
1.483826531393618
0.8614491205698099
0.9933292544871409
0.918476195874121
0.6103143278665074
0.7051290295434366
-0.30174048803688536
-1.31491279123638
-1.0470335991076751
-0.7870557980743467
1.1358138427898288
1.0529210250940801
1.335190965499275
1.3648992120798278
1.1323319970979926
0.9827811801015708
1.036890955869753
0.7052996782250995
1.153234153054848
0.6466134026041983
0.1058680642887888
-0.43384227817646287
-1.40125177859592
-1.5741358256719786
1.2497094351331604
1.2375537190399453
0.9515270292036462
1.5987951866327097
1.811004458239958
1.968175681731684
1.3867316160016403
1.386589680838382
0.8190099981745388
0.8666516713656922
0.14179795449838334
-0.6266278318388401
-1.4896157421236484
-2.4616524736447443
1.2592142178613912
1.35343267939449
1.394090125553043
1.528817277525562
1.083191476394302
0.8719556996533139
1.0030083620406984
0.6162366301301844
1.0314777383400349
0.6648575313695586
0.2547396993758366
-0.6580594252339347
-1.2897442071693912
-1.8615618595176904
