-0.9965814707178332
-0.8623322021676201
-0.7954519717323106
-1.1947813180620608
-1.990097282813246
-2.149400028647486
-2.9239088416711776
-2.55313161425446
-1.7438222754638875
-1.3971756666149429
-0.6244567420165629
-0.6879203285651283
0.3221223756774246
0.20765970150952345
-1.109015975313987
-1.5101952806871333
-1.3093297035935796
-1.5555392951083642
-1.723137977455694
-1.5815005993464084
-1.7259545292893492
-2.0880972337457906
-1.154695883502463
-1.0271280862631165
-0.5154210386196996
-0.7435587585731286
-0.01189343701724765
-0.009706305067946496
-1.4076841225447863
-1.258932126503312
-1.885402692104226
-1.643888800343331
-1.5812893121669291
-1.1162572183033446
-1.3995777974331371
-1.5136319875080861
-1.177414762410369
-1.3680177625116612
-0.9602353659106434
-0.6095663163146574
-0.4709617782442847
0.2600213228117379
-1.1271767200781484
-1.3196399070218665
-1.4694171136830636
-1.1559069192920672
-0.7391478886828833
-0.5611956337519817
-0.9582543041849191
-0.9251604510106509
-1.2523672840061484
-1.0679638318559794
-0.5297161829708099
0.02142412593559871
0.1473038565867628
0.9540552927635265
-0.9757100613163726
-1.0998913383382867
-1.390561605722416
-0.7535555107762327
-1.1063589872401403
-0.5040729234372167
0.28528962776002914
-0.3824990651901315
-0.5491255600182988
-0.7824553526951187
-0.6400914999210456
0.4065211954200073
1.1551635239312332
1.302676785185993
0.18043857943288177
0.016500195713133485
-0.5814492969637781
-0.4284947651723076
-0.6518750966025153
-0.2980431888702667
0.5734628610777466
0.053978540514431954
-0.0395460488149175
-0.2360212872517678
-0.42770936818190813
0.7432121499218516
1.5019122247076198
1.8461485887619562
0.5349824368941879
0.5383355234496694
0.46265293898493787
0.018083358284086
-0.35006063483396227
-0.12035280304652202
0.7681869003017949
0.4250482611121618
0.27630625831507183
-0.16157962264237152
-0.4272560089389851
0.6753360788337738
1.8189393585898612
2.0576086637749835
0.17625886542965113
-0.2550581508393601
0.02627850356350986
-0.17178687355134
0.004537930811190573
0.4105156923165031
0.608999109166125
0.7464439768960607
0.7499152597336043
-0.14322922118568773
-0.31971926020044417
0.6750621945798538
1.307398564903092
1.848066638027614
-0.33615896035090553
-0.0537912675769155
-0.33174850993529326
-0.01538984801321634
1.0706558631304994
0.9671297826226823
1.646206004234861
0.8688046452651166
0.49158339403560314
0.17702090456337105
0.20773456159679482
1.29433478248539
2.1288033562088304
2.0565054168626706
0.00490555045394643
0.04389478328956099
-0.13607819014285757
0.4469933376586346
0.7886955601671024
1.1570870739250518
1.0607059032233703
1.1925469383805638
0.8436445212626403
0.13333249314346957
0.37844816398271336
1.4309522450890357
1.888006784077446
2.3984966806057795
0.20635984284833514
0.11711442439243919
-0.3168128039013362
-0.022504944742170463
0.8981674304638481
1.050107616401037
0.8258364112992992
0.4738221900824679
0.9302715489211439
0.7802923727092601
0.3307195986003814
0.8523421612312545
1.8316395988710452
1.7089293978805749
0.458939903627259
0.28374111239292926
0.30384790687152147
0.5113473086615083
0.564172548820985
0.5171794003335272
0.32202490901639264
-0.004694949399261
0.25622159940104383
0.4511655695182154
0.6902396686868254
0.6277871516746232
1.530608439801412
2.0255173152561023
-0.03026432439490913
0.8355558565850413
0.8792432556323246
0.9724195103297654
0.43823156396971447
-0.08578082622813173
-0.5711083323172985
0.12870149383452964
-0.5406996455025045
-0.3620407906965539
-0.2614134400415579
0.37419259242334685
0.8374883838422562
1.4332105864326228
-0.08636344951072954
0.7124842974971779
0.7198584831801816
0.49862116553928454
0.6152200783843281
-0.003091407934951877
-0.22269399039514057
0.07117248169070331
0.3346319238738597
-0.30773763939599874
0.15931710144306632
0.8273170112935617
1.1928702430091305
1.605649312710391
