2.4544141741719607
2.6176644844891963
2.397848856860952
2.004799726366811
1.7938685918174981
0.7957696604231306
0.2225663993272369
-0.03375084063467665
-0.45525750107808943
-0.12940336407790087
-0.03996021884441374
-0.40063429854778365
-0.7605073007169315
-0.9163848611788526
2.6567998128677797
2.222674770212551
2.0060500778298667
1.6239294859494995
1.4166693108828308
0.7545681015760433
0.5547939080129635
-0.05949877573693665
-0.07572858976237844
-0.07324781055067454
-0.05264580139606255
0.00262900586548484
-0.6640209237657332
-0.8717455726918859
2.583310060684522
1.8972455619093753
1.2675309470886298
1.4204570057108346
0.6405781805470582
0.6160595127530889
0.02797708411979219
0.051052907649994296
-0.10556314696742261
-0.24425928415480005
-0.2503296389889825
-0.027798290708413022
-0.05163404879708783
-0.7346044536405435
1.8812379727630073
1.54118910699835
1.035833079326258
1.0251079872049094
0.5928058408482813
0.7922893345586074
0.22247773754158448
0.6294107769425087
0.4062146464253993
-0.05204424949675262
-0.10300104238204781
-0.16790190550809586
0.12425812310801632
-0.10491138429354259
1.632830565620123
1.6877738805203724
1.431966993464973
0.8479136816115798
0.8969054475353323
1.0108076084194524
0.7236929549619474
0.6571545890944654
0.6032699182506353
0.14378746683888194
0.004101661603793648
-0.09571325386496193
-0.39970274691543717
-0.6968842445166582
1.3637564226767755
1.3400366278162958
1.070388873218978
1.035109741322117
0.5885361221372447
0.29414905181497486
-0.03405056658328198
0.4770826874858041
0.1818529939703597
-0.027430581830808775
-0.3332289406801238
-0.42753861452707687
-0.6781332897013428
-0.7331328018744618
1.3032350972851126
1.2077804636957665
1.475416553560484
0.8513839477880843
-0.03508466979660896
0.02887969025059787
-0.3940489925740343
-0.06436276758748703
0.447567435108691
0.25048814613473264
-0.0852154187058016
-0.03884212520954738
-0.09567172605560624
-0.9450330609881918
0.41478899722844526
0.8937753749165566
0.8973569834338175
0.6439134392178525
0.04963530638126174
0.09286877912396374
-0.2977429069032743
-0.370646102795264
-0.3673536581860392
-0.24037505177516738
0.11564828004400102
-0.1809275013793105
-0.35571811263542835
-0.7472354012454133
-0.18679698104869089
0.37349782049513075
1.344160027990092
0.3681766245305337
0.5659418813047903
-0.03942938320246866
-0.9414967439541789
-0.9447642304426186
-0.9908461831452123
-0.7377911036010186
0.12380100650897846
-0.5985443139830614
-1.1922391524777753
-0.6954200157055578
0.21190785065793352
0.34733492516361103
0.3340391244085975
0.015326019387945993
-0.3233413218481625
-0.5391488281476158
-0.7498716392102979
-1.2311149946954993
-0.842924110772851
-0.7113254464407196
-0.45524128259733093
-0.825527384510023
-1.0742415614272351
-0.9776802597230981
0.13856701279629258
0.38894863424071285
-0.04033726536310961
-0.48462268088226246
-0.5504087291541935
-0.6777713316764755
-0.9605501455489587
-1.1071369671222506
-0.9133763949608664
-0.9621516246697248
-0.4488348231094772
-1.2936222223032963
-1.271814143278051
-1.3392404728618366
0.5305684034899557
0.8548969631613318
0.14180537831602047
-0.049727193921131105
-0.6386219320470337
-0.689389589176404
-0.881799210256865
-1.5060223851504644
-1.1534606076838558
-1.2535262438437957
-0.8253313952226063
-1.5139504386369278
-1.9376216877462167
-1.4384177148617776
1.0231077787226956
0.8116440753737995
1.1140565684617167
0.5564037342640904
0.026098912104268374
-0.979951245350784
-1.4295495844787334
-1.9116482103494277
-1.640110799979823
-1.0408126409379452
-1.258399651305032
-1.703602756157181
-2.1938545719875693
-1.8093459914317946
1.2040263908269737
0.8100027810022561
0.3496643741257945
0.09609976470437998
-0.21129450149917312
-0.6131100994941636
-1.1273436095550224
-1.8042673859002183
-1.253403838800815
-1.265461047105657
-1.25827764695602
-1.667439546909199
-1.8489646820869918
-1.6427902804575383
