-1.5067856605422592
-1.1355249488894452
-0.686028866285081
-1.0244529538863933
-1.3547664022929728
-1.11124386939886
-0.864378419912819
-0.11251570961585473
0.5510624334147269
1.0163006108789134
1.9277608604958096
2.15618334918684
2.275032161545792
2.6697888772907814
-2.1252154919809536
-1.675465662725079
-1.5251071734487924
-1.3775379236979197
-1.0796639978380673
-0.9644887389754413
-0.6983857755727259
-0.18006031557593755
0.4484353856967079
1.054224099397673
1.0828020428232532
1.7069347928371568
2.026523893937675
1.9499427380811267
-2.1861078769323674
-1.977925250092452
-1.4139196009820951
-0.9232975871360782
-0.9324980349142661
-0.2585874295483893
-0.06510800058426186
-0.2606161855599422
-0.12747427399109104
0.4564590217634577
0.7343557133393303
1.0232708399809176
1.3394369697477133
1.5017819099024143
-1.6154329164244092
-1.7064372959536445
-1.2447901242909039
-1.0842297123641722
-0.7719702385961652
0.007866476744844694
0.35405422987572843
0.4151003892324132
0.1541947996482359
0.4398571866769594
0.2638737987797534
0.5923024042905469
0.6588549637294014
0.9109441513382681
-1.7252593497911486
-1.6217055536073122
-0.8319282184655418
-0.7951208709981454
-0.820421258104844
-0.3130555836769413
0.724501186704067
0.4784296552410117
0.23974744696202263
0.571251387464796
0.26984268604396566
0.6881174723950986
0.37664461134486527
0.44291396019922913
-1.833100917580554
-1.3045113787049363
-1.336496323392717
-0.8673748362815067
-0.6646644174483268
-0.12057572944674488
0.2146616641721493
0.5953417276665274
0.19185822525884322
0.28812741921734053
0.7963849645806276
0.6702551788826472
0.5026817895166049
0.49056637598157815
-2.1954765248071437
-1.956110050933882
-1.4322934782336434
-0.8594717332826276
-0.5335785831607557
0.03696900650692516
0.6321774036366908
0.511316148239304
-0.06474663898511428
0.38161957927202256
0.8805342186892049
0.7766501848612987
0.5128093539326488
0.8242076692920794
-1.7040732449429978
-1.8779370699445286
-1.5937759123695523
-1.353653472808986
-0.8063290607937845
-0.2542818823687078
0.22198767713929618
0.3841743418063935
0.008164365224468853
0.1359860556881023
0.8744952002299838
1.1567968196753986
1.2453351028349562
1.2320486075388062
-1.4657903343030891
-1.6555949488463564
-2.0962802306425146
-1.6554805782919804
-1.1797993528858417
-0.3425288753246542
0.25563709587507133
-0.024729515779827252
-0.2802793348543397
0.005845201884224375
0.3750927402122136
1.1623503730086389
1.677658625288625
2.0763864655128446
-1.558050596742716
-1.1262622333657348
-1.2374152654925734
-1.0830035568107483
-0.55190928769556
-0.6246580955186368
0.05069058613993043
0.17970809027395734
0.00045888537591573693
0.5258962197827881
0.7373198755794591
1.1453023800244353
1.3006088261508189
1.5791406788150841
-1.3605537018700917
-0.9975891112248755
-0.48553502814994665
-0.5450301702287043
-0.35029183938089126
-0.5817456111061662
-0.3488987984508815
0.4479888267833206
0.4424847097693955
0.5288540485983801
0.9464008466468725
0.6837673484695315
0.7190449953640906
1.0723171762382135
-0.397308437170794
-0.033399510762426754
-0.16044266050979794
0.04176128284609462
0.25450764769800643
0.12664145004982097
0.2610416872437282
0.42934807210659587
0.23354988821252265
0.8107777475389413
0.9260918963865453
0.7220442801376565
0.7544162540215423
0.7661882007488443
0.8193596700260913
0.6082542046737239
0.0052637059069319024
0.0020872099754202485
0.27352633238127694
0.48415752374554466
0.2565392557692491
0.36947269022978446
0.28472738550245175
0.8142917225898163
1.481094050171792
0.7766248840411046
0.8794029507344017
0.20871158358297098
0.949881810576857
1.0197297593849561
0.3808835939196088
0.5382897713817381
0.009881831125442352
0.20516467557303703
0.1504038425961415
0.044357173394879525
0.3024330555126489
0.6258932052999239
0.5719787160667702
0.2415328441654325
0.3463994404874647
0.034928725113378634
