-3.578831720645261
-3.312444645284706
-2.7533640975427334
-2.410091444252133
-1.3314780669315607
-0.8780436430392415
-0.7739277255330513
-0.6853876107921326
-0.45127653594501765
-0.08698967967722135
-0.5206089383929845
-0.5321572057113123
-1.174564935600033
-0.46188888884289026
-2.615143053449463
-2.325245116931084
-2.1813343742364957
-1.9126935398251466
-1.537383561163713
-1.132999396809076
-0.8752502130329995
-0.40416503815384414
0.2418888350505474
0.16958798755259286
-0.1250739043989017
-0.7126424029997032
-0.8661725303225496
-0.92000103181312
-1.3541172215434174
-1.7128549489660263
-1.4041459484663443
-1.2897942453472913
-0.9726335810576369
-0.4389507344467122
-0.14201517066639044
0.2976813423463192
0.5545603660450019
0.3127694019540612
-0.14539237952569167
-0.3341691160754742
-0.907953315177227
-0.9839167957973455
-0.6673694317829477
-1.3639306155227107
-1.3743344832258508
-1.0211640620114695
-0.49496957207515196
-0.1992809868607083
-0.27958799096359993
-0.30312992015356166
0.3511810425437476
-0.024244423430143536
-0.19665706036669037
-0.7215367756354232
-0.8469162986556088
-0.8408592221226768
-0.34775139367168423
-0.9898699103046992
-1.2873368997708057
-0.9714009786940212
-0.15062405674733204
-0.37676221847436653
-0.27019906323919446
-0.04177901165196659
0.10009083094824946
0.45259483642415643
0.1881627983118533
-0.6657507345377349
-1.0895095211241836
-1.0229354460742806
-0.33055020479171215
-0.3247525591278098
-0.5621597380472515
-0.822992537415721
-0.4791027589897259
-0.2143254215020679
0.0033416471928571917
0.01700937037312164
0.062096926618814115
0.046420132732038294
-0.039401460259759435
-0.06348710712613254
-0.32552446473775776
-0.7937210324403321
-0.16034370985086058
-0.6422542646219457
-0.996185283912842
-0.46086823809573924
0.5280278452523137
0.41091691044673034
-0.413357976483952
-0.003336728351666896
-0.12946642035124933
-0.05304466779241142
0.2436798378250212
-0.02332400262273595
-0.703427340511088
-0.44308793994197593
0.345991441519899
-0.15048045685355257
-0.4776218882964714
0.4154507899924885
0.5561250994042816
0.5601149917268349
0.3862500605946868
0.3144396024911676
0.5241503224817508
0.6613391026830038
0.190437878415036
-0.46972592742820896
-0.3861933571342762
-0.3689809689947391
0.7241767834222046
0.4607959086827377
0.25144196283763065
0.6453176512909529
1.0073105420132407
0.5896672289380382
0.8057989687836679
1.289041288341454
1.2781656711245868
0.46528961391679113
-0.24934902798183578
-0.28034680626127123
0.25596696324221135
-0.4343715622183619
0.10659770717295858
0.20538329128399008
0.08046538385805342
-0.03272255056205555
0.015772509546079748
0.6508367259093543
0.8286278766820584
1.4284973213664773
1.70711433575082
1.362851872716069
0.22259978222675345
0.5277289250862974
0.007711474414586376
-0.059251857405190365
0.1258311487135627
-0.338655449401429
-0.33195904353517997
0.15226025474050625
-0.2503240255823567
0.38668045416149915
1.2331583937209745
2.0928086965272685
2.694414274158351
1.4925371531442253
0.6836306298967231
0.8258322484272446
0.47554229425694305
-0.22172500255286104
0.28973324056056965
-0.002259234835371398
0.014539497498533085
0.1347113385068661
0.38931069019825515
0.6986045879595082
1.1218656979354698
2.0960626932953166
2.503415758949375
1.9799016625099524
1.190591493650497
0.9392696576812493
0.43833915967825143
0.6646050185281527
0.7844096517676825
0.2868057631406472
0.2362113243502057
0.4411659739795702
0.6662290213275779
0.900403897954416
0.917252728257842
2.0582833002402694
2.542303412061177
1.7531178619033618
0.8583568111675206
0.9388348208235484
0.9683222741171579
0.5773529123265319
-0.16859970844005326
0.010969706331539542
0.08772828522554946
0.362063783689134
0.548223285579665
0.40331154493209675
1.0179287789900013
1.938934160853657
2.3188073032859955
2.086373447500749
1.053860858291949
0.8910533488239499
1.097275784505813
0.7795882842903203
