-1.3916969762083438
-1.3218031539983552
-1.348052140051787
-1.273408633812964
-1.2567842311104895
-1.3565560536945007
-1.198775736921961
-0.9762702404327647
-0.9750307161430473
-0.709223236354818
-0.9460779637599575
-0.9662071074173595
-1.0928204409791094
-1.0647095420061097
-1.387417320852885
-1.269342381700906
-1.5504764283535284
-1.3724182376906326
-1.3504270106665126
-1.2269051120031633
-1.1081869723393154
-1.051691456976888
-1.076274115047525
-0.6219192812102942
-0.542283282764201
-0.7198725551114024
-0.8110646436006463
-0.7013759582445506
-1.2046872971210993
-1.2114469245427866
-1.0998651784134497
-1.2088090237395503
-1.2214310974427995
-1.1837987293499568
-1.154674358645217
-1.1770528804739182
-0.8394889625843012
-0.7981905434115059
-0.4881475102576765
-0.6501744091491843
-0.5708177676968427
-0.5539419935014896
-1.3154475245942283
-0.965625325551837
-1.0887711108861442
-1.1806256384120868
-1.1214129185563462
-1.4334304536203304
-1.8784340100173886
-1.0995494858003168
-0.8383276527032729
-0.6402455905809882
-0.6436040998779847
-0.35812567477533747
-0.3468999139702673
-0.21010038062968037
-0.7657630446053993
-0.7948890520001513
-1.1327994858649517
-1.0402915236682322
-1.066637247918503
-1.2985317823943452
-1.354514750472077
-1.1027707303433734
-0.6098128478583856
-0.6240582969095201
-0.5652222223017505
-0.4118205105869649
-0.12595444932515354
-0.08941996509263027
-0.3992495635841598
-0.7266408944351246
-0.9114710535953275
-0.8596013765678047
-0.8235168352544671
-0.9046019010853802
-0.9186091364507655
-0.8824410304744749
-0.4967523275361383
-0.3400868675987409
-0.0787045505755224
-0.20338592731017036
-0.0731198932023707
0.1646295684283128
-0.21241299153806817
-0.06819347960710725
-0.32293432625872653
-0.45566899434588487
-0.6336902588155406
-0.9113198980806924
-0.8330977734187557
-0.501133978527002
-0.4565104204161088
-0.28017205256030786
-0.19698828160094736
-0.01806777540667764
0.44532303663205913
0.5194941598770224
0.38845494347967474
0.11063972197817114
0.26471844705654973
-0.2670570719117037
-0.5468692220449216
-0.5597000151642154
-0.6842688742816282
-0.3055325271395324
-0.09837406451401152
-0.2353461853265779
-0.444334705512339
-0.030231695769392993
0.6275975507048944
0.4385299348095265
0.3205968327850101
0.48234816764713756
0.33592968060709966
0.07538257380683967
-0.0005503296631967333
-0.09181875545146014
-0.06424700202735677
0.09865721331237047
0.06753123663324907
0.09953845541355984
-0.043526165905890576
0.30004255937358315
0.6569797298842943
0.5003415271739169
0.7883503732817272
0.6261874370730737
0.39584675431882343
0.16538452729753897
0.17505974457464088
0.41167794780253786
0.5559092648575965
0.19783445186990065
0.04894908911020676
0.2872144928254642
0.31496998916406665
0.5891079954502324
0.8086481402075849
0.631768412928279
1.1268762042712754
0.7183774779693539
0.5674779723170749
0.3760750372044016
0.547679824605646
0.6037991654713615
0.7979488276032163
0.8156614585025186
0.6443135997456924
0.5023399185846171
0.746063786448533
0.8945548757060541
0.8762867606913696
1.1268295779637314
1.3995795237564461
1.1148035001408256
0.9069419410114242
0.6666186893213077
0.6867948356007477
1.226072093203843
1.5772139030008068
1.3762019858649803
1.1017643570841968
1.1530312597538013
1.1652883819877833
1.2905922884222505
1.3722684317234144
1.5192367051584608
1.1572288540434212
1.2481004883033624
1.1980458299988366
1.2232898330038136
1.3435874909539922
1.4132074393585214
1.8354725131170533
1.709618487798356
1.5081461016755389
1.5988218088917563
1.6610865183706751
1.4715981356678394
1.6479974788075147
1.3792778019381842
1.1454055895997155
1.243630897272921
1.5460152330655135
1.4018724457370966
1.6473609518288554
1.8335564394010155
2.2581761115009
2.044256820708859
1.896168601014379
2.063985496097906
2.173753279011856
2.0479715007545667
1.8234859825998624
1.6974570240574693
