-0.7650845104137325
-0.8377148977262509
-0.45169537148578603
-0.17579876818319445
-0.34406360087808907
-0.1940987577801648
-0.7565281351350752
-1.4223779874305076
-2.03178693874755
-2.0592749212831674
-2.6049767891032602
-2.7184388379917257
-2.491571480337778
-2.0439070322948893
-0.23814210611935663
-0.5573789606885314
-0.34997215384982144
-0.30317373590429286
-0.43295736635611964
-0.39546481887667784
-0.9311473645728632
-1.354304368768285
-1.9812373224028033
-1.8145474667014696
-1.8686625282020835
-1.8548495421297035
-2.203838911425564
-2.183824918017978
-0.18094205449118334
-0.16442902735668333
-0.3625823652860895
-0.2604843621218194
-0.14609959977939976
-0.6727322539365742
-0.9646416583253871
-1.7410525374702273
-1.761040612520847
-1.884159558395953
-1.808285981078732
-1.5199806438344088
-1.5218905811096626
-1.637011232077299
0.2704074905558069
0.058303178052780805
-0.28520864716408173
-0.4011519053916267
0.007202435264467028
-0.10365652298796929
-1.0241878075367545
-1.8135600597544632
-1.2074574999461916
-1.3249830060583645
-1.1683657389571318
-1.314153166301881
-1.382309355382013
-1.1011607123451308
0.7100512626844969
0.6063074277331911
0.277286041920969
0.16904816957092947
-0.12555761058189482
-0.4098637093876175
-0.517531537192596
-0.5723595227766619
-0.8475591229953396
-0.7251255938506834
-0.7230229033172166
-0.544139933966333
-0.754997247531796
-0.660817994423688
0.6171970534240837
0.9693206368006313
0.7054932254953546
0.05274975524827447
0.12412894132917651
-0.055455602160632306
0.32610202797518134
0.1618903630966344
0.25685194636945125
0.08516073837692348
-0.01442207992314326
-0.5109373497130426
-0.7810459410146274
-0.7028712878468281
1.0693584825755476
1.4070694883020705
0.9830315587867086
0.9704815682377568
0.673030124661956
0.461661815089084
0.843822729768621
1.1626117361934116
0.7804180837222896
0.7584471202658096
0.20096577070988456
-0.1879008372476409
-0.09178584713578676
-0.17028152267920396
1.346695797969064
1.615536544264494
1.4323641629453034
1.3980902364242296
0.9545697568304308
0.7366998016265534
1.2553498070158462
2.1328121189561347
1.4106525264308711
0.9102361488158871
0.5628404891897314
0.2039889566948965
0.13035178437317424
-0.2751517554080241
1.6385303095937256
1.6529561573558758
1.1904276448868931
0.7440673534492748
0.8423312946781528
0.9146708373510438
1.2429053127538074
1.395178607456436
0.8744099687382902
0.7010656902590828
0.6783124008395813
0.48137096666034523
-0.11417156346604695
-0.35068515643596376
1.5026868930027821
1.1895652162125285
1.0484182712936503
0.650962298060771
0.7629412628216675
1.3094112995357137
0.668526850948374
0.45439224428728464
0.7907057981528063
0.7197851658021218
0.5702988496064836
0.5707703055154971
0.3063429443328147
-0.17015141261172165
1.385101855992357
1.008085533044144
1.1692703830382627
1.2545139668600096
0.878408346818916
0.44545397642827106
0.34984062045462466
0.44614271964518326
0.23331226321165655
-0.17093713745544242
-0.1590066381688065
-0.14902077329527533
-0.025602264788754454
0.08577027394456851
1.3098950693209233
1.065858615763401
0.9933907460393389
1.2379602163529686
0.5400615114176995
0.27108699185677343
-0.0035549038508316923
0.21597775294657814
-0.03021731933882367
-0.4453043651853384
-0.1844509777366216
-0.54760362080488
0.2005209235683241
0.5882866313958657
1.168047697289168
0.9469214677902748
1.323580777414255
0.6773593209998967
0.4142518192176626
0.08148628715216656
-0.2888092331872819
-0.5184616566130316
-0.3846596389209346
-0.5740980369721502
-0.6115251010195137
-0.3402686308077539
0.48693910626791315
1.2584917820613497
1.370792352984377
1.303611953600244
1.1602310113672907
0.77757011162002
0.4426304605837488
-0.3235908403436927
-0.4175183708468376
-1.049906854942489
-1.1615019648642007
-0.8548906416149804
-0.3153916689000954
-0.17774953520677864
0.7911267035731787
1.5766516915830964
