-0.7897222715617319
-0.7833908625066877
-0.21950949717868393
0.392967301974019
1.2886064262883998
0.8770337030683097
1.0666849450094051
1.2958830160382704
2.0154977472494675
1.7816572627702898
1.838143338997004
1.4401414720718426
1.277978256010278
1.226492041707147
-0.03215641434185249
-0.12728893922773538
0.19512611855360026
0.8361706502804929
1.282258449706312
1.2611445847709384
1.4888214624383673
1.569314059039239
1.5140903819311755
1.8688235859434974
1.382631996044659
0.6418128153040553
0.26928255689186387
0.17203642375192488
0.5606211713176238
0.4068213019620761
0.16498709327575845
0.7685169667228904
1.114396314016568
0.9165382048853008
1.2838756530311868
1.7994373654494966
1.791199183683146
1.3174529707121194
0.8627029774593924
0.5534475364255543
-0.4416831457468733
-0.549241924742734
0.6828294524046745
0.2692222801590239
0.42930056053507415
0.7156033021886075
0.8434804148597913
1.1277062355542622
0.9854027326390593
1.1924997019208978
1.0091244412263431
0.5922769668046924
0.55613271256411
-0.16357519457927772
-0.44754478189828056
-0.9813279356415417
0.4975220096032154
0.7215345479289929
0.5760534262669167
0.3642678324541901
1.1455644543861827
0.8032150637112195
0.46336512796953794
0.7002053464639731
0.5216571477870202
0.1449107598964167
-0.24852164932116
-0.756860276069068
-0.3843856155217671
-1.1233350203849286
0.7499520839859974
0.5190063105793074
0.3683408052240929
0.05927603209426335
0.4461711269685287
0.6272866639088711
0.9970355127211339
0.7237719287976424
0.981315807007036
0.3805144284882808
-0.234891258803049
-1.2183063407212298
-1.413989542077844
-1.676736093121304
1.330360141487926
0.16171631248413332
-0.19725194400335733
-0.28274469550562636
-0.18624108654697055
0.5028461940717566
1.132051611276992
0.9296167321405568
1.1574887643732734
0.45605214133864064
-0.5081305095662764
-1.1822053418840488
-2.534358373301692
-2.0155192705160654
0.9940525059948107
0.13675864666036172
-0.04979401577609409
0.035129016260320514
0.16668297169003501
0.29659991414506803
0.8423239265171786
0.9824719032463028
0.5722383570556494
-0.15629159502429008
-1.1378360627773514
-1.6581058539826605
-2.055515352346111
-1.7813164310307643
0.5492741572707156
0.5298152131519592
0.016877561930540855
-0.24520112114001424
-0.05959850272088283
-0.10756486821589958
-0.16480587016732337
0.03702184831050928
0.6017398870854889
-0.38430536528885534
-1.1123213595824202
-1.4177623122722516
-1.3208852307610373
-1.2733196029041236
0.5959707447435129
0.22556755581458124
0.0559248193902933
-0.2309401134439818
-0.349267946990984
-0.4270848579197798
-0.07629129830618499
-0.288088950738594
0.09790243691245146
-0.7250418700879344
-0.8718621135815044
-1.432200177984848
-1.2432207201326253
-1.4366054290918369
0.9400995183524292
0.36772756952138946
-0.34583907403482206
-0.06306806177662963
-0.7304868240212505
-0.563627743232023
-0.33479618904415
-0.25768634099955084
-0.538828788179507
-0.3596881285279302
-0.7507106855339403
-1.5077489094258165
-1.4180744726246248
-1.4500157935503601
0.6033597718246347
0.19518499578200174
0.32180591440559186
0.013893847829251826
-0.2320019165086302
-0.45952331411985803
-0.6960776588714775
-0.3483773164394082
-0.8342269406969147
-0.7822275196035892
-1.3024551593017946
-1.9537457632437827
-1.9477665185954656
-1.1327131396297256
0.8827331623860806
0.704272315454665
0.6091334458815961
0.23153895884336068
-0.48772974668693264
0.006853064060253384
-0.3112598109452882
-0.8393039620981678
-0.8841898627276937
-1.1681213422386811
-2.250409632127891
-1.9181407246924154
-2.308529002544557
-1.5439706434411826
1.2118790342610104
1.0801549954250886
0.586181681955911
0.4849443138251168
0.2980867323269941
0.19426371483537525
-0.09169704336685121
-0.8616260377688483
-1.2029912762023924
-1.3290789141068529
-1.5415710843269665
-2.2962044532831043
-2.4322150415522166
-1.8748671090953148
