0.02736324571740495
-1.7433909917215997
0.0820617708450558
1.128400047257798
-0.035917175420966355
-0.9051626826440065
0.06915174531154718
-1.3184682667608978
0.13619963595027756
-1.8900841624588052
0.06877492332162904
-1.221202583542025
0.057247527499111744
-1.8075388553742795
0.6476556368976764
-0.47833688342513475
-1.2879417232868262
-0.9365394367036293
-0.9091174391454423
-1.356425743465424
1.3112188704238879
-0.5980539050672828
-0.8819777271351327
-0.8854094066917484
-0.34178267294377596
0.7460003039788786
-0.625729856978884
-0.34110104576067374
0.053310354566671166
1.114222839889444
0.13535494377598273
-0.9836120421690319
-0.1163531189717885
-0.93944605896981
0.0592744968877728
-1.8301221428053864
-0.004882917925980493
-0.4952848699878441
0.051894103177940874
1.5935223236189127
0.0125023245659473
0.529177575802043
-0.79638578297042
1.824083128000756
0.8011448937835247
1.3920869396517819
0.1607867227605063
-1.452425316043505
-2.166627439252454
-0.26088516918642857
0.34912745054706973
-0.6942731908415992
0.4921045766763751
-1.102108368134728
1.6946889144391106
1.489516512501326
-0.11177349032641765
0.25025540700393145
0.07144849272175689
1.9357411944419936
-0.15481217302636502
-0.9645560599635323
0.08383748994831278
-0.9873858848049772
-0.13002163609138864
-1.3086515626650346
0.047276348464880234
-1.5538306803088422
0.06816142348987429
1.3190454446836812
0.2246899757434089
-1.711621948879273
-0.4481898300162278
1.6087182078401978
1.1807769491206912
-0.6960292927578197
0.49162661049991774
1.7010887416091092
-1.3901163790215294
-1.290584849851091
0.7919588671566224
-0.5590925535099023
-0.9983696548990927
1.2096406360054646
-0.04314273053857009
-2.153240881157377
-0.009403172666597296
2.0731177902191322
-0.1312523468622696
1.965790955436739
0.15135632700058688
-0.2576102671002203
-0.06755351971574704
0.27101288068395185
0.23284454649865655
0.8565949225971621
0.14365672882307384
-0.30177702709295917
0.06322452980348839
-1.2663031185534102
-0.8042128468818306
0.1944130458643605
1.1701992420482314
1.7733812579847226
0.573937379786436
1.4207784611006464
0.9035938477414213
1.508392579785232
-0.2856824944797217
1.4246176663830559
-0.5004956622410405
1.0150275589292785
0.30162703436659255
0.16996942691417974
0.09285096897172122
-0.43060607509420545
0.062042914436365185
0.5145824525079893
0.07238830319223018
-1.3862440393807314
0.29618423673927985
-0.9310563508887258
0.05453402391605258
2.0824545396055907
-0.024716225363294993
1.2290005163374498
-1.2214592883382878
-0.27518062706158297
-1.775768555189307
-1.2675028465478384
1.8151860193086733
1.6372152673123412
0.6790210385776426
-0.3413143391391085
0.3911769193226404
0.8036389891528253
1.8311872747738387
-0.31636143094427277
-1.6971691645868625
-1.6121166286572848
0.19105219816527377
0.454098763555998
0.2080918645243532
-1.9258276780412864
0.04476069596062289
0.869200138037462
0.12266301757471205
-0.854006319816501
0.22895234957121827
-0.8757901238291659
-0.10257652678482192
1.718269483169725
0.05227735843934936
0.34930589216131014
-0.3613551198882328
0.4652014889202371
-1.1026298530820116
-0.6347704529513117
0.6807424041631692
-0.5615965211501234
-0.3727693524065868
1.207090711031413
-1.015084825075869
-0.293060097143455
1.101745715670396
0.15990750010314614
-1.80541788095391
-0.9407945709782123
-0.03930614004166133
-0.9202428852803343
0.09407281906907194
-0.6844333818250242
0.07812455774966447
0.09047178341841682
0.10511721279426858
2.1899241273463783
0.07674265886827336
-1.4334020761372543
0.08946640442890728
0.22774129214776626
0.16953067312281753
-1.16246266185465
1.7339628221480496
0.5272602409053644
-1.5659501978185075
-1.6069567218642673
1.2203907089151032
0.6754881171194207
0.3312174370956715
0.6017076082663705
0.3575783537268486
0.6382138688069504
2.1501270108790393
1.8006070281994888
0.14850552325304175
0.12447892530224286
