1.3879998122907689
0.8314100462228886
-0.12816585499582536
-0.6764843648456713
-0.7085617873900885
-0.9926894351324412
-1.4343151174226516
-1.6073554003610313
-0.9387902058091273
-0.5348454022993854
-0.5645122987085578
-0.08380567580908536
0.38215799102747666
1.2032395739646442
1.5943683167013323
1.3366145987691604
0.2691258274509788
-0.3548683634520823
-0.6218671338349033
-0.592495880868152
-0.9993905200809146
-1.0858002378585907
-0.9735065913506028
-0.3401555072319549
0.18934472778730874
0.4116041302048446
0.8491384963663197
1.3192739035352128
1.692138674562603
1.0063035346796019
0.42071627903734543
0.18672248104893943
-0.07038518413995773
-0.061364794183640076
-0.5048092838355025
-0.9398522144141535
-0.8342491784165065
-0.2742642187863197
0.3180384064705612
0.979647552026629
1.4421986018047874
1.523599098190578
1.81738723804269
1.04670949736529
0.5557619553696279
0.5092118500773692
0.12743429788342098
0.2952853611970241
-0.3047164275353158
-0.8944207178554952
-0.6617355013538779
-0.24476617921650565
0.4822609312820061
1.4070331338631872
1.4651828860147555
2.1020089024578597
1.6251448208217236
1.3319185815455938
0.5858970318098086
0.3971457283121704
0.23736159051057987
0.19289772537741437
0.039660614321754654
-0.3231981943739843
-0.36338006967787956
0.007238676361971236
0.6009439247657579
1.4220597777428834
1.82413248551883
2.388469226835648
1.3419291539521967
1.2202318697049548
0.6945180881906888
0.2326936654204344
0.42229792428052737
0.2700647275826628
0.25261163202473524
-0.3421530409209817
-0.16489286956716215
0.39231898263454823
0.613442434806556
0.959039729013692
1.5419266950250805
2.6181170404563714
1.2183702837682462
0.8807051241323687
0.27123819639713276
-0.14277854452966146
0.11150851530395554
0.46941815351644345
0.24453886279458556
-0.1962041087959721
-0.04060169766377615
0.5608702870501766
0.826008865640103
1.2475726699562557
1.6317245478836335
2.152719365403593
0.43414735476975796
0.5121679601120982
-0.20788872722995064
-0.3118637233162647
-0.2525061321215568
0.4072766079145808
0.3689815165425971
-0.1838764241778912
0.11533817082622164
0.20520356769581755
0.6223492044218224
0.9580501225384128
1.5936611429260703
2.2973240968302164
-0.16470820806954806
-0.27189776652914005
-0.4317010295634109
-0.683187347870487
-0.40709354507779455
-0.18005150145589313
0.23615465121882862
0.08460443578614424
0.05113244974041926
0.4405154743650342
0.5507730734378405
1.0678013127080253
1.1884994113855762
1.7054391875850865
-0.6787994378473189
-0.6905304967871075
-0.8679747829364984
-1.085178584150127
-0.7145836765723326
-0.17326769591646693
-0.05430409022233742
0.19162328617753588
-0.06460149999688508
0.4086637877246089
0.5853428992384883
0.696537001186435
0.7678331298945106
0.848433962434742
-0.6067764324797404
-0.7131449807132293
-1.2630681849216225
-1.1804582204573233
-1.1861200530531737
-0.9881430341618177
-0.34152414369085554
-0.08479449362191888
-0.05856794135872928
0.16531607374567284
0.2568774551842582
0.02700084771167151
0.3267953875057609
0.9671228304782525
-0.49583249021515585
-0.8813769206367652
-1.486126152010185
-1.8785975023914034
-1.7562771446471928
-1.499336528511654
-0.8551010499285808
-0.46301976460307054
-0.5653595455594272
-0.29060817326783217
-0.2417273910675133
-0.6881125216192513
0.1859758474764875
0.7140615782502773
-0.6585850870472767
-1.2791947985453944
-1.6493033869217428
-1.7729109738609148
-2.084113877842544
-1.849376246629353
-1.410398437851888
-1.1401625121819854
-1.1541729515696757
-1.0748913269130935
-1.0358403720876768
-0.40688759911999706
0.058014055186031206
0.7703641773020334
-0.6503905675305918
-1.0005188092023976
-1.7024363842015835
-2.3306371426424013
-1.951846674804919
-2.0041690478233862
-1.8652006600461977
-1.9877853709387951
-1.5758853728057487
-1.6275765682710612
-1.4095924456184663
-0.8087958855490267
-0.174674043437614
0.7667787200593221
