-0.9062270785945991
-0.9636140728008956
-0.8003200146892512
-0.8216123539926247
-0.5964238673956126
-0.8385511556780524
-0.9960091845498098
-0.9982739345239691
-0.9386386239823057
-1.4080323826215744
-1.8092075257602411
-2.1561092161682196
-2.042056541839463
-2.180183485732011
-0.48104818559150386
-0.6029243911282709
-0.5222711969362861
-0.23566889287998588
0.029061648612618646
-0.33606520531326656
-0.6057855082259198
-0.7538840792570393
-0.7231892395915064
-1.2747179698426179
-1.9110451664347226
-2.2228172661959107
-2.168633971871044
-2.544837068323265
-0.09368857307682858
-0.07166235422574734
0.058139831382601176
0.15928053357927344
0.745268134419059
0.4314566382682514
0.050858602838188494
-0.4264930508646249
-0.5759677769628051
-1.033203097295169
-1.8620748845611204
-2.2047138402931914
-2.5284057156183186
-2.4837558380845794
0.5858030625316291
0.6826011534703453
0.498030239151515
0.5835432489793483
0.6491158061185173
0.8139637773897609
0.6270594942893414
0.1629983793245662
-0.18299227845929167
-0.8744015835663
-1.4076782399986352
-1.6429732529065915
-1.8333312986200332
-2.352831502727709
1.0585997607372506
0.9237228125137225
1.0788081959014548
1.0238481676610012
0.9985673095057624
1.0754732290890137
1.0371857280757837
0.44272724211960374
0.16688727642627055
-0.40363838844103245
-0.8113625634613262
-0.9867840318980202
-1.4015272067212476
-1.847288131180983
1.230392404676835
1.3138216219582668
1.2045947897507057
1.45227121809183
1.3967379000622315
1.1884893659668951
0.8540356724845939
0.562438332613695
0.3471536791221034
-0.2261119383231811
-0.6196859011125362
-0.6491762640822734
-1.0332412901057524
-1.5490715082327562
1.741125467125847
1.6088325989453862
1.5028934559075733
1.61124068444298
1.6579761226640768
1.285526187856389
0.9181437252772577
0.6736391195263072
0.6595555083630573
0.14185780361849348
-0.36996588978444445
-0.5606314777185439
-0.5494715405209335
-1.2964808594455817
1.4003028750049953
1.3817441796845313
1.3831926895122872
1.2070762360750609
1.4494813670253548
1.2039151599925682
0.9230657762570287
0.7688943180556962
0.6562790481253792
0.29781529221321335
0.010768001179338581
-0.37599327017849693
-0.7009540986407818
-1.361857767202059
1.0016702394257913
1.1794312268180656
1.016524119877805
1.0356121892587937
1.2870142562095692
1.116236122466203
1.0900540502286091
1.1187901100166007
0.9307446715315276
0.6359668267156378
0.4367702842201251
-0.09632542973999986
-0.9036721372925282
-1.1561290652574452
1.089281934185494
0.9701395995852357
0.7537042061396043
0.7143806024537498
0.909766458665188
0.9486527416128446
0.8722227233890933
1.0476569956913717
0.8084487432458404
0.7965913843533191
0.3240591289651812
-0.07967945170948564
-0.7536647972689199
-0.9862699170565336
1.3221596152016142
0.8618776984156076
0.8125359145899576
0.40233540488895836
0.27670077233043366
0.7233955185630022
0.8039522991043279
0.9470173151847731
0.8397360208055283
0.6214596392027066
0.3253986561612924
-0.12916057315846718
-0.5958652071876203
-0.8269403745519611
0.695379436292965
0.7506694003775016
0.5005710441448277
0.29269140175649466
-0.013714950650132757
0.21656217187689958
0.33407853084169864
0.6301895615897474
0.3630644683744802
0.3164263252271234
-0.022042228908642984
-0.1803345632268137
-0.5264521085080384
-0.9024439903155625
0.059511659094014555
0.2494963174170818
0.29074826234896217
0.11606787736078357
-0.36688705928608056
-0.032534748928909576
0.025747503299535953
0.23444567400817176
0.18288385677818209
0.30123736454782224
-0.021315988881098466
-0.46379352380738353
-0.9218080905631278
-1.1755327436922896
-0.5550983038550077
-0.23067343561584558
-0.07505544957747158
-0.2529759642701616
-0.11951824017068048
-0.0670537998640108
-0.13669178068542093
0.1750573474600443
0.3878511969599815
0.41181553426090406
0.046653181354704504
-0.3915932414181929
-1.032648825429782
-1.3462574737321504
