1.5133883494639695
1.5503148653436964
1.0572217898047886
0.6462625443083461
0.966444642015378
0.7387481871437019
1.3797749040327716
1.4730623621674666
1.2109580693675892
0.9646947206976356
0.9110028105636843
0.26766355362031646
0.67437998524551
0.4080861350840757
1.7691883873551513
1.1074400504528443
0.4317503160693907
-0.05355475019858854
0.04541094165606422
0.44669284058707387
0.2528476999379644
0.39859148049504717
0.8516573605902449
0.9331248812410662
0.9234434485310096
0.7571536369057656
0.8168137491138018
0.7701822031508219
1.2690776339195038
0.4392359513403618
0.374649721247746
-0.5926449187884072
-0.32713668397920154
0.23203709734870262
-0.3190056282929605
-0.43207614250473614
0.0824048650005317
0.9181072397276208
0.7435517837431298
1.540055864302133
0.8265993304112207
0.42331301261720056
1.4024088517088384
0.5159212737040888
0.4097357959563334
-0.33382434881737816
-0.7343396585930423
-0.5695211778895243
-0.4268254853386417
-0.49082806935447665
-0.3271484977449429
0.35063277055639674
0.676916126242601
0.8347731831707834
0.5667159520268422
-0.3489805070201599
1.275398934474224
0.9208195193593312
0.44343285694898477
-0.1917831133656534
-0.7090653153840984
-1.6844447097625692
-1.2690006956539566
-0.8524786727827028
-0.8528947277667364
-0.03715031029477261
0.11122415717917633
0.056129306817161925
-0.4365676627125114
-0.7608072948235338
1.4486375685796047
0.8491664377964031
-0.1369788605912107
-1.0584311160671707
-1.1924458096962756
-1.411605104237719
-1.5942831622443558
-1.2256841907043277
-1.329017111155875
-1.066535500139672
-0.5227011962113794
-0.5994432294936914
-0.9759169275992118
-1.001264939245134
1.8035732186489257
1.0066093177969568
-0.010702343233870022
-1.580354711082049
-1.3596839752761432
-1.791853209421208
-1.7279693791741728
-1.9287541860288961
-1.9396674650781052
-1.7772183019058951
-1.4345533021370191
-1.425586540516333
-0.960618867827499
-0.7730071228940336
1.4135205327902836
0.8660612860680971
-0.02721726511208804
-1.1811751579447316
-1.6313648656120157
-1.5206575786955654
-1.698005618771135
-1.616390445767782
-1.7508747546147647
-1.4808555809247592
-1.2896053005459631
-0.7243568060367283
-0.7778885914805584
-0.8549567305859602
1.1851743091179363
0.7680837542563603
-0.4060068099711764
-1.2284865563092067
-1.2764532116414746
-1.683092882540889
-1.4488582457727277
-2.077296491340627
-1.3758264735841643
-1.2383634727199977
-0.5691431186405225
0.18015607448614146
-0.2471151130973656
-0.39991023044934687
0.9060884359670848
0.5778343935969049
-0.21484429328357388
-0.41160345260785286
-0.6222796388071982
-1.3716862419079956
-1.3972979571283877
-1.3988314613742279
-0.6971302416941297
-0.12776233534578413
0.31713341270666423
0.6264477023449775
0.2560965170601983
0.31357379691189385
0.9307317836138672
0.24023013443389962
0.2527450573004076
0.10627587179723498
-0.6771347026851781
-0.6917634100337456
-0.7799923043055381
-0.5758976073264412
0.14101526319316685
0.5129740203567618
0.37149571416350247
0.8379097225041473
0.8919286311251406
0.699584287415998
1.3597408862422657
0.9100786809185385
0.45846004165790233
0.15633220453485852
-0.6077534335769779
-0.40225443122591215
-0.8098301613751338
-0.4262637956321542
0.24286146445528317
0.48621938903024947
0.6230968112936603
1.2208385771653896
1.4685725308724529
1.2041155534034451
2.157552568082311
1.2865550390116653
0.4800024570139899
-0.2205101793928965
-0.3714447126888864
-0.5107093751717804
-0.7865495944233925
-0.36354877771579663
-0.20400422001160273
0.4866075194418474
0.7481880199286667
1.0851313854582745
1.300018139656103
2.1084475492983143
2.528085303749161
1.7042526330186014
0.6148898630475929
-0.037207329144583634
-0.5316288520663106
-0.541321218974452
-0.5959156263378489
-0.4253630354076834
-0.2147555223264937
0.4657780953256322
0.73895457345839
0.5995375492469309
1.3634895863488663
2.1132453287204003
