-1.697249006874609
-1.765390583272714
-1.5066701019476567
-1.1326765643569303
-0.8580505814760878
-0.7932217079018885
-0.6812631660703171
-0.11682510641003024
-0.09984019895399082
-0.3198992098859626
-0.6909330638128565
-1.0811627562571564
-0.9431116741041425
-0.7432263783281042
-1.385824109538983
-1.2293767587888986
-1.327792749266866
-0.839221248662254
-0.6695613400818757
-0.5614476337191738
-0.6002198557985838
-0.4875200343851668
-0.4048086806316567
-0.4578578209580751
-0.7826788181719688
-1.1960133854869055
-0.8327271997910476
-0.739264005353716
-0.8565545991286093
-0.6835685996377113
-0.6040865362907961
-0.9445791696091254
-0.4001251625770939
-0.4885511345093476
-0.39520349900949536
-0.7419767151097019
-0.37055754759654114
-0.8555194210351242
-0.9708788870901927
-1.4148383043079649
-0.9780696043322197
-0.7059802057709065
-0.11706019307130897
-0.17601535332626098
-0.24171650417761767
-0.4421177056052236
-0.2811362205114783
-0.3400364409938343
-0.14480530731511537
-0.1769372187671074
-0.21670314176400046
-0.5223034518931068
-1.0113007562432887
-0.9844306612382016
-0.9672653877658083
-1.1448719305619106
0.3867978869759197
0.13415658382729215
0.07170968250808857
0.17436356841223105
0.16555827991674324
0.35340190843198305
0.45502074492305467
0.6617833474275705
0.13799607076996726
-0.2951716041304557
-0.6921731548389735
-1.0274843925708301
-1.2909726310787775
-1.1660494228399596
0.42597689513458453
0.17887574358521136
0.27269354329327045
0.5727551251478585
0.8029880160153783
0.8835700482945203
0.6033240798395009
0.4953930836681414
0.40851343360999576
-0.24407021383486804
-0.5243657865473327
-0.6284747259710513
-1.1910308601953756
-1.6199044822021393
0.36255576556555086
0.347045412882656
0.3717676256469256
0.8571181238883369
1.1162337082375249
1.1767747931944115
1.1704919255730186
0.7199568870485133
0.4341100574620836
-0.06649464436013444
-0.10602050078008138
-0.4087014698868495
-1.4400289974770388
-2.089346146333679
0.45896362895196036
0.20491389843093238
0.7154245830567614
0.7687378514674427
1.0324403871684336
1.352492814262272
1.3871046275239647
1.3428340412420376
0.9192888672569801
0.565713638677365
-0.11028522514597573
-0.7104362715813829
-1.3637448187836325
-2.1493420591252947
0.38493691585561457
0.05341164520867939
0.7782584142619204
1.126816875491781
1.2098590920216212
1.2015984294883806
1.7644426273036349
2.622731364591666
1.6602716169724425
1.0647588460629849
0.25800596322398817
-0.3504395018260901
-1.3163284485550644
-2.0775095082871005
0.3209782809547631
0.2694930986445908
0.6581057066259797
0.766460298201014
0.8686127799770502
1.4126484650775948
1.7245149445997208
2.141490671262495
1.7238169203558118
0.7460296279705599
-0.08956523409707018
-0.8837853695568156
-1.5547393878316367
-2.0841409447923116
0.4622391875107145
0.2935894418226132
0.45091492673053396
0.6567095268753762
0.7297140116838498
1.0758554981386006
1.6457981417901684
1.8495530826899216
1.2511031010803968
0.7469593195406368
-0.22101986620138167
-1.0957417673500682
-1.6660620269507105
-2.2222011289302723
0.48611684970587216
0.8258360849295295
0.9735807611597179
0.8954546834515773
1.069036848996454
1.1422869279531773
1.2009081945518305
1.2622942408877813
0.9253417359917018
0.5816574568618613
-0.40548756911123945
-1.0915661813535458
-1.2933924542726172
-1.851173709027584
0.88150648406849
1.0303607018886045
1.0265270527920967
1.2900356936997588
1.0142191264891405
0.9911386547957167
1.2551860496952858
1.333712846809075
0.923599858571425
0.2704948049201048
-0.39896233003564885
-0.8316377704817846
-1.1382401717193946
-1.396612797826678
0.9823879166465358
1.0099097776372417
1.1530328552333855
1.1980113406459734
1.4704112291778653
1.129977274929933
1.272225037450568
1.07493356578154
0.5868908600180719
0.4139581573011607
-0.2657891166608052
-0.6851164549361966
-1.1337352271270484
-1.7811908002334411
