-1.6523947863000248
-1.4396881554546639
-1.2759072235514062
-0.9626203021760867
-0.8108573841468517
-0.8180852182355176
-0.6980701685724355
-0.7163257034592038
-0.8596924692603373
-1.0640263289368432
-0.8090035019526497
-0.45168580352029647
-0.3143790675612054
-0.3983784247213505
-1.0301329210713044
-1.1441950375587087
-0.745837210340874
-0.6552149746594652
-0.7743150081150175
-0.7092851526947201
-0.7268087500305089
-0.776082411683447
-1.026452643414925
-0.8933521218837268
-0.6179800853349907
-0.43820092357363094
-0.39103522374653604
-0.2795233995874287
-0.8573238484988919
-0.7961896415009796
-0.5585506869460206
-0.41642065896651326
-0.558057685348825
-0.24930726628856828
-0.5917455555503669
-0.9125696219398056
-0.954223328921793
-0.7653469951993556
-0.6701952312778781
-0.513271290101025
-0.06625099968404388
0.10150018217266042
-0.4258388695024329
-0.4073435312135236
-0.22570283212450726
-0.059217439104919944
-0.288321431511031
-0.18499872786401972
-0.26056513562092964
-0.488055724708287
-0.5053981868320776
-0.524415308126096
-0.4554160260223868
-0.21813912740259653
-0.0519246841732592
0.39447467648176254
-0.3972415306122903
-0.15385824961699718
-0.3276146993065522
0.02865443378118541
-0.20181543390581497
-0.1987138079211314
-0.22023531163817617
0.060409670282982664
-0.16587973539228903
-0.0394886870557446
-0.04935026033998688
0.22222396115751136
0.3846003451674268
0.5234810080337489
-0.26036551484053716
-0.2890418915529949
-0.3830961502002023
-0.26105670342556836
-0.23644629198688652
-0.3538346427598787
0.062321833076534376
0.11901746178464556
0.37341558334150293
0.5849246170801433
0.591484163567984
0.918195789582745
1.0527986737672153
1.246061446557861
-0.4366054928465114
-0.8204149338799032
-0.8068238139249713
-0.9086448681368641
-0.6179365178400734
-0.35407341555185134
-0.12761751079469777
0.36684753755306504
0.47460416380358666
0.699241894232559
0.9819137882088617
1.6339731225089527
1.7914186487209598
1.9132343459850687
-0.5518883178768963
-0.6975447189672584
-0.6289402990264424
-0.7249299825164125
-0.327621257992165
-0.19841304165063225
-0.05374348344888349
0.4194039070089722
0.6122675505988624
0.8322073627575505
1.4170155190300493
1.8949903723454633
2.0910795886514397
2.170298989133728
-0.8911558368764112
-0.4276673960506905
-0.529019346606774
-0.3687969710428915
-0.45962987502969105
-0.22813646403381416
-0.2883718021285053
0.1313485115086856
0.5630824498890933
1.2246403185045087
1.4111278245376218
1.9948149475833654
2.267621588541321
2.6065394365523256
-1.0810866145395785
-0.61607740188768
-0.4933085852385189
-0.6257787714867222
-0.4601278158708062
-0.23908621298759336
-0.29369672778408007
-0.03069639666565872
0.4183025170658298
1.0590827332729402
1.647733686312703
2.198106313800369
2.2347359444112866
2.3421980212140436
-1.2275823116191977
-0.8690047070113469
-0.7006717245762077
-0.6357580931648659
-0.6590199169369577
-0.49904753906627425
-0.2730046118260263
-0.3080679778440518
0.48702483838483407
0.9915911352380982
1.7432765060766406
2.408015640070678
2.343918688117588
2.2023927398348033
-1.6563959563936368
-1.421128925762477
-0.9695915609062824
-0.8305695683175596
-0.6066050790505401
-0.4407309893527181
-0.03207843097148581
0.12753259879004752
0.6411761975122932
1.1307988026917124
1.4421370111560396
1.6086869455534254
1.8711967934569538
2.039011936830254
-1.9372391644897162
-1.8972000277573784
-1.3370842994469756
-1.033655352227089
-0.760901610647978
-0.6472361522275484
0.1278036189576752
0.602609354024848
0.6888743461157298
0.930184784608524
1.0964979717119785
1.2752853961009551
1.6668967570939308
1.704418317869802
-2.136783113359334
-1.8985962465675121
-1.3332232565856834
-0.9377154139885466
-0.8131284821371852
-0.3762462163030411
0.06212996973228073
0.5422180244162462
0.9297630949788691
1.0226723918934442
1.1184856904186076
1.391768922672021
1.239101364722226
1.0515949791502859
