-0.8133754670231688
-0.7838612682260255
-0.7569522078918997
-0.49737040545094385
-0.5603549455688053
-0.03971581333358433
0.6799412182969294
1.0853533912404023
2.0406631562126063
2.008228163994912
1.959286550885193
1.4925672671658474
1.1629135614734047
1.1919286506235225
-1.0174951263081433
-0.8297617507198906
-0.5512101337328911
-0.47309304276487907
-0.2598130063344018
0.0882528467874916
0.6039324825430608
0.8577664364884676
1.327132649449258
1.5424885460283282
1.568393428935894
1.6044909651064074
1.3857430432438245
1.2727114217659643
-0.9075995927728406
-0.6997024398497185
-0.7644618634909082
-0.5776876477515118
-0.3117315439027606
-0.10228127107508335
0.25684340580297266
0.658041620801581
0.9396587245945588
1.0232285167189508
1.2740394342523533
1.3669862184810264
1.5960596816570336
1.5586232167868184
-1.0251735053329063
-0.9295903266294263
-0.9659603449227488
-0.7688224519763744
-0.575671806322853
-0.39494898646316945
-0.18133677356372535
0.3941840373270094
0.4955402959888761
0.7551366938976668
0.9514891691421813
1.3260381513158552
1.6714682613442184
1.4553983299764541
-1.4809591427504771
-1.2615460498185112
-1.0028812640010325
-0.9421268184192003
-1.0242831448142924
-0.7405852971267088
-0.40867881882548485
0.026699664138864095
0.44872132237215495
0.7443076862120969
0.7692110939427311
1.3223134706665014
2.1683839617827423
1.586413392173543
-1.662581537530442
-1.3638012497275693
-1.1224458381218791
-1.0311527230904587
-0.8907297734254087
-0.7898212085618233
-0.26485917993804003
0.039955854462434805
0.1553772861965275
0.4380642892983568
0.7390115394423412
1.1162873670510656
1.6271267634340458
1.5997638264162504
-1.9715825041174062
-1.6060421449085152
-1.5412921424863641
-1.3364968185201782
-1.0730216079561008
-0.6137232476078267
-0.18158917815197878
-0.0019960927436358136
0.12195259544879607
0.411555942357259
0.5535196810253293
1.241367890831929
1.358080791035688
1.5521752170659477
-1.907618076913397
-1.6113955526969324
-1.5909584400737444
-1.3932257565287316
-1.0204351771621025
-0.6258830107674836
-0.2899963831748279
-0.21950695634647846
0.037798210126074004
0.33462941385699074
0.6174392035851073
1.3318874017314253
1.5780347233693657
1.838753788398997
-1.971634606490821
-1.6500635058928483
-1.3558673110206028
-1.0512566193150912
-1.037849920142061
-0.808553312927916
-0.712257013315557
-0.5232328011291716
-0.4501015033344589
0.3395787732166254
0.875324836497791
1.3191414466932694
1.9092341443701366
1.925310435806797
-1.8236676342736895
-1.565153362254334
-1.3023354378589858
-1.012740818845928
-0.8598350993643609
-0.7197118808692408
-0.5224922719960378
-0.3283082278151588
0.08697750499353658
0.45586099956848475
0.6749504481202516
0.9592961033324465
1.3643057398854699
1.4883563022888302
-1.4967092652619387
-1.1074164642288524
-0.9875172507253018
-0.7946499110552587
-0.5403154047469882
-0.5887624410962463
-0.06301588063387242
0.23101383843221826
0.4753404357087484
0.5136065671931338
0.3821654412477102
0.5346423572934722
0.875161619044868
0.834830704667568
-1.0458325468319611
-0.9589642709115286
-0.9201799208402066
-0.7487338876008313
-0.5879196508497089
-0.4255271466817139
-0.26214786635611936
0.3416074751386102
0.6306909886548657
0.4228071429585654
0.23410202872435623
0.1789751210634075
0.1870883311525766
0.38033753457423597
-0.7346053906026109
-0.8299774861504404
-1.066759884007358
-0.7058563125135456
-0.8365159856701216
-0.264361600806846
-0.2838245751877121
0.2122813055974802
0.8465326552741886
0.3217584551880933
0.06966871890537847
0.0908200670405208
-0.05578408413295754
0.22103717287900446
-1.061051912409896
-0.9527942522096381
-0.8772317041305963
-0.7368592060856611
-0.5994787658138845
-0.13738287334018512
0.22091866202218302
0.4491842925339429
0.6613857476204801
0.5383651449645469
0.4233385186701321
0.16032940400595772
-0.015157249889779031
-0.05010700474779657
