0.17616185297392833
0.19827623067131692
0.3214882995437442
0.17011272615474193
0.05890624042353147
-0.1051537713374981
-0.3923986849002614
-0.47303075912349846
-0.5940694615059559
-0.9139484849484582
-1.0883004953030422
-1.189547789404719
-1.4017232825127113
-2.0085588989194525
0.3917039483659763
0.40100411981370204
0.32385908069264274
0.4638172135879352
0.5214781291009603
0.08389246246898323
-0.30432973594624424
-0.3993573008126893
-0.4109461523211091
-0.8938413072759948
-1.3055689667390264
-1.3656147140132306
-1.5764484907432044
-2.0387874515285933
0.736182053730567
0.6925058810894865
0.7585661417636321
0.8357256805816388
0.7523766830493505
0.4050514783296255
0.20669109062740396
-0.15690191576260124
-0.4468473049021483
-0.7254155731072705
-1.3005661808833262
-1.6110741843191914
-1.8276524136241874
-2.156757827429564
1.1372969139965408
0.9282066710932493
0.9124175973765951
0.9877322280764097
1.1698693180053477
0.628637556845361
0.6186420464365946
0.3218295826875683
-0.06892414775883894
-0.5077008566938369
-1.3326674899545883
-1.4716980789738976
-1.9550608474760196
-2.070702454765391
1.2209748815033594
1.2001079917381359
1.0940068800008387
1.1436404549153527
1.0264424568230737
0.7811126793095277
0.619542682918163
0.4015476426529402
0.019985072293351006
-0.38063172581689275
-0.7700880901421354
-1.0938128759971617
-1.4893378980300642
-1.6449832513848681
1.7099154893133082
1.4842785790590078
1.363307395827258
1.159289228629803
0.6643780326477499
0.857970524506111
0.7769979440272858
0.45252721374856203
0.2170403308436612
-0.26750577663443076
-0.6456828159177233
-0.8045833208610162
-0.839679740411813
-1.4234958728645097
2.120272926064776
1.6633316755091492
1.4307381900109264
1.1110346051848805
0.7414032884081437
0.7130621271360964
0.8687755152300154
0.7402869534769033
0.2830396554046241
-0.05792106073880097
-0.24325292424127343
-0.5601735324458821
-0.6515149163141312
-0.939675572973383
2.6610096734559834
1.8921040231455408
1.3973945785889639
1.0671837078494721
0.78752723308285
0.7744365241017132
0.7761589421255286
0.7647321852698745
0.6969417165229352
0.05720645764694574
-0.1859461033042989
-0.4755908942873392
-0.30177869348194825
-0.7314890542466269
1.9657800001914245
1.8059157748435972
1.3778309298408868
0.9940625221165884
0.8375133385478558
0.7347133240508641
0.679797057627397
0.6373362848743239
0.31842027215903007
-0.014356993234964024
-0.1743855673106915
-0.41616589902944984
-0.6943511317804136
-0.9027451993944758
1.7693150063249745
1.3081592640345767
1.0137197600361654
1.067755242470342
0.9872497691906317
0.7922628258000105
0.6829355283328638
0.42448397985490005
0.13758272930391843
-0.26711138165096465
-0.564456280528887
-0.7568138999792252
-0.9946324690899553
-1.1560228068834966
1.3641535855766151
1.0180228701853704
0.7891301525118952
0.8578098469995087
0.7826080958479813
0.705984352304795
0.3102632713809709
-0.003073171026458938
-0.23937692881543068
-0.6849912725215223
-0.8210794953485273
-1.1829933282189862
-1.5150804138676979
-1.5642794738244996
1.179664127393686
0.7849389039666972
0.5533118285209914
0.6499198169967747
0.8564056893745664
0.43772512532499486
0.02877669523560636
-0.38282337794575527
-0.8359507427462377
-0.8860355312094983
-1.2439803224055892
-1.404959293338092
-1.9823985123072367
-1.7867739052077316
0.5195363512869797
0.6042576234208367
0.5461654512758554
0.4257715962826488
0.4009704344537898
-0.02873594379687021
-0.23902699583427137
-0.2626883729580207
-0.603376529117771
-0.8265460093701318
-1.102907019311728
-1.458680984379988
-1.7947879433444396
-1.9622228643060948
0.12247626111150736
0.2806550033324287
0.29818816730680475
0.01544852853335316
-0.07661827229886757
-0.16825063013196073
-0.4118883396207541
-0.39232433737770234
-0.21243182382748976
-0.5120502316679064
-1.0880351510615636
-1.4167262557153608
-1.4940453288406355
-1.8822345009764405
