-1.4080978795372414
-0.7831156451519811
-0.2986764063935413
-0.04723533081216831
0.6972985459465486
0.8209841565356863
0.6448383076679142
0.8395890868210161
0.9600221091756109
1.0218065305861161
0.5717421037897975
0.6244482232896557
0.8156463410696079
0.6747926669170883
-0.9540110265715762
-0.9575916006614559
-0.48665740300814986
-0.3797441465506416
0.27423273413527405
0.49656538099282493
0.6813599781973927
1.1546602138593143
1.7060978270427576
1.0769511623107004
0.9324001152761767
0.9024661502116478
1.2561420829998233
0.9187462173985048
-0.6440810522002791
-0.7989850505625046
-0.8794645016306869
-0.559396755056434
-0.16525668887524447
0.5746164151196879
1.0667563523038852
1.3095950615548955
1.4535302438391255
1.269315738468363
1.288632236914713
1.271440056899359
1.291085076389672
1.1796182500835695
-0.4925904640178407
-0.8641299973104898
-1.9817212220564442
-0.7113882934709801
-0.17710166419280438
0.8057605661997778
2.0280473181942056
1.348404400475637
1.1535921134642917
1.3562423823078718
2.0665499740512367
1.7047370639493356
1.6650178602588692
1.7670017913437537
-0.17998870942776027
-0.6891572175548105
-0.8150748580014878
-0.22778121273004986
0.21739792319872253
0.3567570049388684
0.9762152901597748
0.6442929981669703
0.8420937627509067
1.2166827276165997
1.3546074955856944
1.3147604773817714
1.3549264440578108
1.6020631429940833
0.2761894980330008
0.04858109005122807
0.10234977414371221
-0.08477879634195347
0.4738217052826835
0.3361752469513656
-0.0009109023781440977
0.43072131774404976
0.3143816093069244
0.521706715018999
1.033447736967824
0.5817124855573685
0.815113043714859
0.9815157108537295
0.7551702204474796
0.14894915026389877
-0.10980624043086283
0.05215091309500469
0.13867058321433748
-0.061757315008590136
0.20856055899749387
0.19548317652217265
0.21025602604598226
-0.09817032309688588
-0.21531279003890338
-0.039469694157787547
0.024163970359008923
0.42539689404692965
0.6715309896829719
0.2975325477349188
-0.3290352428827868
-0.32916810028085836
-0.17962022866418786
-0.2739341293889316
-0.2213421674605943
0.023178568541633228
-0.031790013896740056
-0.324941169662732
-1.2366184965526053
-0.6248886016723534
-0.36380333781066465
-0.22801654497040633
1.2713056123356001
0.5308924639035006
0.10622067352928678
0.05501107764192891
-0.09551189073406932
-0.6342218640092
-0.3429973020673083
-0.3569192363452606
-0.24651414980718858
-0.7321391128254827
-1.0719344633801164
-1.0782768380338208
-0.9779501759401007
-0.8428455405941265
1.3855935688775334
0.9503556347466068
0.6598685216698364
0.18349324630085717
-0.3037335821198342
-0.5048665483316384
-0.9509333154783545
-0.6766616541538094
-0.6456107409550057
-0.7566512967381873
-0.833333613269323
-1.2821065391063873
-1.3516381810172642
-1.0144563276977843
1.2028815254567808
1.1465086556562365
0.6403108433517549
0.14313493914828476
-0.3544257628902583
-0.5663225793914618
-1.0246176120872816
-1.2727736620261034
-1.3958768499075787
-1.6425849253078342
-1.6282276374321305
-1.3429730789729735
-1.4384250229064566
-1.2629581755953612
0.9285816060367388
1.2885134188603935
0.8982417126516283
0.09632781644839142
-0.38673928069142904
-1.0098224084070244
-1.5385406187226036
-1.4710538429983713
-2.104214301426191
-2.0254717162741844
-2.237194038241497
-1.694555583416992
-1.6912854766126857
-1.0574135339603867
1.3538270229565668
1.2786846683232893
0.9333359465551508
0.6374339066940269
0.05639468587649747
-0.8421845322534783
-1.155681501921304
-1.3738891739752956
-1.5813882987462617
-1.6373300861785958
-1.7191587282956131
-1.6972938782566442
-1.51676958856855
-0.9536918816405595
1.9364824750745424
1.8246969226977612
1.4612541891662134
0.9905168968878303
0.18087004289171166
-0.608540989680574
-1.1540533901150758
-1.2045468695764328
-1.4209184679233715
-0.9498989596019141
-0.7447695656774819
-1.104208695548803
-1.290764184273463
-0.7035492166323465
