-1.1478929515223517
-1.4131615826658748
-1.4055565350640673
-1.6023351610534244
-1.7559738778236054
-1.813064996868952
-1.765088890430535
-1.4960357260814048
-1.179582959149925
-0.8904989563233123
-0.44675238789846394
-0.1981291527148885
-0.336952401200259
-0.35039124549521633
-1.4234792007130466
-1.6398353497569824
-1.5136728635221857
-1.6038109976527861
-1.7248007184535106
-1.7378985056862943
-1.5398901954529114
-1.162008732712452
-0.8241997466408115
-0.5451807110782195
-0.39895814892190923
-0.2334420194383267
-0.1097680411487536
-0.3830235880177994
-1.5439599261582126
-1.7252870922197256
-1.7228994079306672
-1.7420553816926645
-1.6785779495725919
-1.614291440558655
-1.5497187942959796
-1.178911501591768
-0.6987902843453712
-0.22529969831115781
-0.10430183814969293
0.0705797223792005
0.08221865864664842
0.0842488750205869
-1.658054918294468
-1.7208038640532943
-1.7076777347344276
-1.789291850577166
-1.62623558962118
-1.5356958603679425
-1.341316452820931
-1.4322652858238112
-0.507280772706998
0.00462194532093584
0.20299881948101198
0.6194445221720553
0.5286053108042462
0.4282888287193856
-1.359108293223457
-1.2931071318594967
-1.3030154333456878
-1.173838464359972
-1.065787169588424
-1.018789711255075
-0.8933198216600214
-0.6214257844880227
-0.2763586563915657
0.18228849098503264
0.45443657122960646
0.6529618136358912
0.7288111674499239
0.5634528997235249
-1.3340016318811916
-1.2056224073825483
-1.1780758193544736
-0.9296140537667146
-0.5377413578559934
-0.2614354843761782
-0.18403389884506535
-0.24181922930810887
0.33253402465580756
0.8583174744389137
0.7529413982589975
0.7429039716578613
1.0375598953594407
1.0709769915493226
-1.569178629317898
-1.201153683729327
-0.8987461401978384
-0.5194858276723432
-0.09044428984084951
0.0577440355878702
0.3060826630717832
0.5921888972412823
0.8577652517653744
1.0694762697245266
1.0899335628570581
1.306946731764218
1.2689720184983386
1.2079695815487945
-1.43986389479518
-1.0543875840378614
-0.5568485417404786
-0.12187992719857414
0.2552754535963118
0.6574532219263949
0.822843000138694
1.2403108731983055
1.063342126899224
1.2456715365715174
1.5121150134683754
1.8008303078454249
1.5935377367575874
1.5810691597210982
-1.1040651004198003
-0.6212745942284005
-0.19823271961106714
0.3138037488811209
0.590344281705511
0.7272253838167038
0.7740212964853255
1.0837229465396152
1.141722832442071
1.377780685196623
1.5544712018325855
1.4881940768229414
1.457440960307754
1.2947422155629567
-0.5516470477512035
-0.07655949819865945
0.06733010265565616
0.5276260905206102
0.6210486739592913
0.8565164324073132
0.8412872083824953
0.716014757518899
1.0866985569651453
1.4509812202280672
1.2432444636662496
1.313052555273171
1.2143852685176333
0.9543158092538977
0.10033343257287433
0.2301997631746239
0.45565208518816297
0.6704058306639148
0.8412136242822725
0.839860285427029
0.8301511734085061
0.7155945011492381
0.6509042822943861
1.0155606192207227
1.0760857240959103
1.112664768738814
0.8662822042406121
0.8173978642384859
0.42216185772295833
0.6493094154091678
0.8408566806425987
1.0196564267418915
1.0780788687903262
1.0031336775284783
0.7606087106038446
0.2896166935480054
0.3586933736866595
0.41982771473819763
0.758404935953876
1.1292160441004058
0.6132004354037516
0.3361500100633323
0.6414891385852497
0.8157057963483278
0.829810381742299
1.0119722583142117
0.9880047536991441
0.7440793196269485
0.5051717117125497
0.29774372024067897
0.1927059088699715
0.1513138495036253
0.2687218689569911
0.33259621627446323
0.17212685816813117
-0.2073018236007031
0.738978070001981
0.7918129113479973
0.9029726438699132
1.1053705214705398
0.8715851601527765
0.6853733194932405
0.6664479347794292
0.4370692056134438
0.09287113036798154
-0.042426833154753756
-0.1977444270651368
-0.19662837613109777
-0.5047604027379325
-0.9950082976951545
