2.6134494952427865
2.390172875305321
1.9102036846694261
1.369204576937004
0.4790261803392108
-0.07158314123990683
-0.5114749769571556
-0.5890305483328433
-0.4855941837342352
-0.7926517547259907
-1.0783031785936936
-1.5312137460329707
-1.7721793710060094
-2.1079878532138197
2.45314973042373
1.9300934276460011
1.77147997401521
1.1412974181203923
0.32642538207943284
0.08505252965626751
-0.3121154321132503
-0.22252389497086017
-0.4080282337074518
-0.8238646479249091
-1.568498201632544
-1.757894031425332
-1.6683434410541775
-2.1617113564312747
1.8359702942539957
1.4188731206475622
1.0130640185159314
0.7618344867481762
0.4318560567444769
0.13057237448992026
0.01245814511305573
-0.04431134809527964
-0.27179246868542606
-0.8516406381742295
-1.4247181531163615
-1.9158663927806985
-2.0029283581699615
-2.2451274843151983
1.1776379670100172
0.9609739951738313
0.5296097336474395
0.2527424132134152
0.0351717624142217
0.2508168613006854
0.4093748918967467
0.2911028475969451
0.007017867822908597
-0.8316947537942737
-1.8084326495913214
-1.9031332010359194
-2.2677973904941835
-2.4549222783708333
0.6188161986638961
0.5671483310824996
0.5198269965958355
0.25333970747347967
0.34067269604099276
0.5109061704376937
0.6261815544721449
0.39298249684648784
-0.22657130769956635
-0.9169890719314876
-1.4967977563392831
-1.894207104835385
-2.1236199432170766
-2.374096157774746
-0.036009481690241554
0.3092560542832138
0.36065802445381945
0.4572981928085349
0.47941542576366414
0.7655131457034203
0.7091557289558408
0.4075179368380911
0.052301040872082594
-0.6190673016390663
-1.3349611216690103
-1.6310193960167993
-1.7745092510339588
-1.876005829208229
-0.35073872368921466
0.07807767207031395
0.5084624045591123
0.8167869730822512
0.9776599925112117
1.0758231837510706
0.9628008738929122
0.618016302844267
0.15755297149582115
-0.1372117860566019
-0.7620161033093465
-1.0035252839776494
-1.2853226329989442
-1.617027924982303
-1.0027182643535035
0.01700448688441711
0.5979250825569737
0.7877268795946534
1.240496813082698
1.281937539397869
1.456761933664162
0.7647302332065083
0.46447362080053545
0.2983027024949423
-0.03785428540414733
-0.3499270093919537
-0.9638078896718865
-1.077584782644574
-0.9765671295622018
-0.10264857780382453
0.4367877795341934
0.8970909617467561
1.0601891835710215
1.0276797860416125
0.9057801494030555
0.7772290913051815
0.5649936383776917
0.6264317710946038
0.5507846763350825
0.28986408054332496
-0.2143355357166597
-0.44248718434984585
-0.83864047092881
-0.32482159239730235
0.394293703261491
0.4907544173338664
0.9182557274644839
0.694231528701632
0.5073607656793372
0.6910983950687423
0.584957581975528
0.8190402365533671
1.005966741334005
0.586690812949155
0.5840116266627465
0.07769520075738334
-0.8866773872116698
-0.6300528086346966
-0.09204034723006807
0.185631428179849
0.4658818243231699
0.5892207671775659
0.5016487848484593
0.6674075527040816
0.6470968454871588
0.8219404386833079
1.0252689509605382
0.928904056831121
0.6517300656571365
0.49510130517222
-1.2142629594654668
-0.8291336095954541
-0.29209575581850966
-0.25683799419610354
0.022013888370040827
0.3682140747651394
0.7953749187762313
0.653993483745005
0.5337419214094162
0.6549083051912865
1.227316026229971
0.9437078805690028
0.7174965896729364
0.5974146831264432
-1.464461645023275
-1.0953298168852341
-0.726604879017707
-0.4447259633978943
-0.2808608197973991
0.042059674571339016
0.18860088501952557
0.14902323792032401
0.2865121921304036
0.3799981988414394
0.4966622912663321
0.6343023434661884
0.685071497670498
0.6962149846132722
-1.5268009573017645
-1.2049575555710081
-0.8988466363603616
-0.7760355949035226
-0.8198766424437317
-0.5858489388984963
-0.32381722998323276
-0.1410863315848781
0.11442378732058424
-0.028268069101338122
0.01583394783061328
0.1765103287287916
0.40538275984472777
0.4751146974317289
