1.5003316906224278
-0.11763006186531016
-2.1637627054095847
-0.14950337107343897
-0.4315254079989277
0.18337750920480617
0.27178068408318595
0.1275807998616253
0.9744127793876869
0.047837663191241935
-0.5556617832301687
0.14397885938001118
-0.29895852370925224
-0.10686494565573575
-1.6131661492971643
0.3670738603745048
0.3473746569678251
-0.2940546338663336
0.37180707240941585
-1.1188567012815216
-1.1862604803333014
0.6777096435183216
-1.1581170265876313
1.0521313646268178
1.4758899038033144
0.6036769537217472
1.4575391843697125
2.2380287215544254
-1.5450840587130092
-0.2297593830204536
0.5321438052677714
0.053586447916784075
0.5532436669362035
-0.06233983060991123
0.051290207899275984
0.06903310397715146
-0.7676520267592137
0.2628181367746192
2.5344028401312038
0.032284718859938596
-0.42105402802100717
0.064968143874503
0.9954124385993246
-0.08136702684147133
-0.7780579865059437
-1.4679354712361978
-0.2534521390614096
0.6313815569412311
-0.6335781081579914
1.1552067570085396
2.042369459711539
1.399234277693045
2.009434808464083
-1.452205556891459
-1.3261483547482926
-1.2444234774614729
-0.18476935731212307
-0.15782085105644258
-1.0869427825051652
0.21104798729557048
-1.0730953737159967
-0.08038670274929412
-0.47728751223288324
0.237319633840338
-0.9495491077791293
0.20808805396515753
-0.7013834361852948
0.2593294748971107
-1.3688115527270652
-0.1902295293788265
1.7105776208258265
0.47015830427356253
-1.6734736046948224
-2.3876953020628893
-1.2369240732937488
0.9344159673699157
-1.7373549525058134
-2.40256871849409
-0.7321657158889276
1.4619124538804031
0.09128275992369926
1.4315827489834108
-0.0223082928741384
-0.9198341021337152
2.38015199036791
0.13799867599215573
0.30482432550240535
0.005104842848725226
-0.7636696635684573
-0.028145055820151393
-1.589581215685175
0.027892312336778323
1.8038857581509027
-0.11523343539422849
0.7083782994148787
0.009574958566899534
-0.9773442974795739
-0.07035057701580882
-0.06300388209769675
0.30233122961343023
1.0859975314651904
0.31205727834542674
1.7785756308918228
-0.3922638805581523
-0.6422328076272885
1.6393737231606245
1.0315874980653943
-0.5914775931383537
-1.5631393371234361
-2.168504564004517
0.2950033249579048
0.7624081584983592
0.818024635742722
-0.026146248090457142
0.2564910779420641
0.1195610323108039
-0.2091193674110495
0.1697255755419864
1.025374549924176
0.019775138122109487
0.2337104814921766
-0.14984884535551155
-0.3590510073893523
-0.215590142147974
0.34490844363785833
0.2440790063484406
-0.6845071769593299
-1.594975919071171
1.5419556544775097
-0.6822994463192048
-1.6672609710793331
1.014762722653945
-1.3945230390868804
1.1898868353367682
1.5759392195456272
-0.7453887135466586
-0.9794423155753009
0.24696667029026104
-0.3874185953360679
-0.4635641088773723
-0.16500544734286832
-0.21757871243300606
1.5430120302658075
0.034776166735541056
-1.6470711214099663
0.26819049560818775
-0.17443142005621573
0.04090060975166898
0.18842282968380789
-0.29737935787067404
-1.8457586437591018
2.8803875006287274e-05
-0.6990658307676156
0.24877271760830305
-0.8742980026486062
1.5063495657211627
1.7568049463133908
-0.6517585151500034
1.9709956021148933
0.22043624413263269
-0.3541211343179239
-0.3330479863965598
0.14580224431537392
1.2061313683635733
0.6569046954791311
-0.45755359120370837
-0.9658429835899545
-0.1381567529836328
-1.0624516431128785
-0.1550691241948878
0.2914513868391194
0.16582455747479044
1.755901456014437
0.0326000398258004
-2.1332528436195206
-0.23467660924984227
1.4087019572247141
-0.1999220119274468
1.3420513323075
-0.02554957159256871
-0.2031633527135408
-0.03201511874923136
-1.080323027226088
0.48137492402152054
1.3866199216467847
0.7139723192965417
0.3565123591460858
0.5008285606477799
-0.730960937674894
-2.184686779499628
-0.7473662441226786
0.6588425326789643
1.6512735107365555
1.2628036357013999
-0.2956354238523003
-1.1554055183126193
