-1.5196505475316173
-1.5806687924756573
-1.9112710098715993
-1.9665180543777834
-2.059484229606642
-1.8610613032847316
-1.411217919104954
-0.5615154670038198
0.15570998748213122
0.5408681755497262
0.7322893463556054
1.1950999452595992
1.4305973513463577
1.1540427577606587
-1.154115838113761
-1.314197672721952
-1.3736646302713265
-1.6898923753480057
-1.794636599047773
-1.621998007046687
-1.3211550068808156
-0.6397048486349157
-0.07260794932361006
0.38871305775219656
0.8820433338741532
1.043308215075212
1.300675581002716
1.2763371924966556
-0.7509994556483278
-0.9823462269239454
-1.1168550386403393
-1.3803691308628905
-1.2398443102002785
-1.1697214616965734
-1.2008268997297606
-0.8435159636714157
-0.5007876926197229
0.11254162241122678
0.8838122651832957
1.0602553045457828
1.441085915236982
1.5086480858323932
-0.6456637817583486
-0.7691085054974439
-1.0066546024845484
-1.0095699419017972
-0.8784563248721453
-0.8082988266405535
-0.9611772098486033
-0.9103589429985235
-0.6540487738461123
0.10723384989247248
0.8313143755339238
1.38156101838483
1.823189093737298
1.959173872849543
-0.4795546132168836
-0.6764997806325161
-0.595878367983987
-0.7611934077681614
-0.7137156470690125
-0.712918657193958
-0.5630386802337304
-0.8772854919285576
-0.9424337643743393
0.13740822503583922
1.313623020722574
1.6912624814146342
2.4832776619947925
2.242326510185587
-0.5944661546258312
-0.5860689328661817
-0.48068471788171135
-0.4307362810316069
-0.484447937000474
-0.6343889403852905
-0.7971491048947559
-0.6382701398244913
-0.1980025487700957
0.48920925574942137
1.2126597432452044
1.8110329387659367
2.2306426501639156
2.568328112136733
-0.5348867499223577
-0.4424535269321647
-0.21498368654097633
-0.4213650438622343
-0.4334239135333848
-0.6974472103513766
-0.8099224522824408
-0.12873239131227446
0.30890778429115257
0.4560071009026496
0.7608578189034217
1.4345767259323523
2.24505876609153
2.8620926421120902
-0.46747237797564783
-0.4907759131245954
-0.2665849700178586
-0.38227925635422794
-0.35109513570032463
-0.5005429833866205
-0.30667892800382274
-0.03516189618125015
0.4887605387620023
0.6182957670970445
1.000412476493713
1.5592344231089923
2.130781021945698
2.876888136251433
-0.18927703243346922
-0.529045228535912
-0.5390927365822816
-0.4123412468763657
-0.41004898526874145
-0.44901167989595636
-0.21791016953194292
0.1141236388541772
0.5034185093732667
0.8046827866306475
1.2212139321161462
1.45655666763971
2.3950300274792076
2.635020196217053
-0.29931084855308443
-0.36957287006192735
-0.2247069539559505
-0.3448135341264802
-0.37619584092688296
-0.3306877245075486
-0.21349495455334022
-0.21585786988952252
-0.06151069160374867
0.3714567930172331
0.6214191823946046
1.1262626434169818
1.6595803154695035
2.015408716765748
-0.6177883226024002
-0.21409054845211106
0.20239181098762277
0.029429870791370695
-0.16286623692563684
-0.1797250815808841
-0.5651642842247548
-0.3771461406689187
-0.34407162514703377
-0.1946156981253614
0.33476433173820536
0.7766532019667384
1.0878321623107046
1.0514259926027685
-0.5391552257589629
-0.1453379346125365
0.18229741434868407
0.029156457110534068
0.16838072826347084
-0.05084036536345161
-0.2426555747911166
-0.6101330641186616
-0.48502886670297496
-0.480778043415524
-0.16779294678556733
0.2827023674114186
0.4621545483798691
0.3453582206539325
-0.8700579865100359
0.015573976421971279
0.4205157837525122
0.30285754689379213
0.2505920167301142
-0.13322518191544366
-0.32529245600012624
-0.648257538595731
-0.8392517622990814
-0.6027089351962381
-0.4858636997719204
-0.20091561820636455
-0.13246079149598283
-0.18408739718223432
0.16451169439054858
0.1563005457596033
0.279483356467149
0.310235659411191
0.3390332909720522
-0.1615780744050523
-0.2326610160085306
-0.6108279550702004
-0.411769982926442
-0.4565545473993637
-0.30310534438603576
-0.24362150517832568
-0.15773669221569342
-0.3534207806160148
