0.7883908993999722
0.5836572331172292
0.1021275914311465
0.04660256926967459
-0.0767897437186824
0.26759166669702317
0.5782268699562971
0.24216209520349224
0.030682216825306145
-0.2606469355938456
-0.362477596094281
-1.0364257322141077
-1.7932395694248513
-1.8845872733320956
0.480697748567386
0.35301013540915294
0.16833922098016366
-0.1549813385558234
-0.07249743246683304
0.11313335741916881
0.32316735255975193
0.29236912505944285
-0.13001635752582819
-0.4061583813265781
-0.7678196662282526
-1.4634712800412288
-1.888496405150696
-1.8496621652625571
0.4834270144873293
0.4730252727513043
0.06188734965451977
-0.02320869903366101
-0.26486577554002566
-0.10627612874421634
0.01255439851195642
0.07400831566807756
0.05659174916190444
-0.622780937568967
-1.0091683213873022
-1.741698145643707
-2.2175899186349923
-1.8442193669543527
0.9239671654728698
0.6064476132191928
0.36819534933212916
0.3209899373580021
0.2642966987396146
0.05526184779952489
-0.15204609597657912
-0.18350272948500268
-0.36569224158218266
-0.7361658239722384
-1.1311578943818958
-1.7611796656612808
-1.9005424416763688
-1.935770778611319
1.3487211446364122
0.9240185129826034
0.6129879511822143
0.6344136372605158
0.5263253540049753
0.19718777638646434
-0.3099942974366508
-0.34128060974143165
-0.6338654873912739
-1.075933796845753
-1.4734672739629882
-1.7820883086772754
-1.8674903779565923
-1.6284551106849166
1.6051875204319248
1.3980395874248348
1.0208416062719174
0.8009647119770555
0.5918658275707926
0.27733161157539404
-0.20799684099642213
-0.6686208452468666
-1.1384140074274562
-1.4053522590908265
-1.5628732821939928
-1.6515317362346515
-1.5089594207044112
-1.381525092018063
2.1438241720928466
1.4588018346146536
1.176427745196863
0.8588024813591192
0.8985279622626755
0.3704479064173094
-0.049268952381730964
-0.8193336758393903
-2.0611872261686943
-1.7806184215798069
-1.7460518228123774
-1.4544189266921508
-1.4118507807432044
-1.1431602366882785
1.6892541981694307
1.4133795381772414
1.203839393056027
1.0507722935436314
0.7418637832829821
0.4113645300118124
-0.24263557408713607
-0.778037126160064
-1.1123894222100967
-1.4619259979534855
-1.4297645029368968
-1.4023304176887168
-1.324452589428137
-1.1897427123961641
1.4841187443559205
1.3389958677690004
1.3710867933218158
1.096793699826403
0.9374944490843925
0.3321524417865807
-0.3106941475781793
-0.6234765977569532
-0.6479009119224656
-1.056756933883199
-1.4747275753953548
-1.2359168594587842
-1.2737521338602484
-1.1152935315513453
1.4937361863329564
1.1803850717216664
1.161858646988662
0.9443476936309021
0.7153267174005941
0.4824698264547788
-0.09323024011495822
-0.32077343550229953
-0.3877813541234065
-0.5815467257627719
-0.7528030503794709
-0.9062774119280262
-1.0317407698906387
-0.7861066608591741
1.685657660816441
1.0388653097210252
0.6958691434875895
0.6860420271295227
0.7124303225591156
0.6625891301065182
0.13851427897914184
-0.018565089849471497
-0.04361141512587951
-0.259987001865696
-0.5445313157090702
-0.49910061368210695
-0.8391099008262587
-0.44372550746724543
1.040293979500845
0.7479410562584665
0.6255391299425404
0.749349580956078
0.9309629746958723
0.7973822596514153
0.7131313444866499
0.4880698146446532
0.5318968589168248
0.4056614642289331
0.349042257177125
0.02112422500496115
-0.023522382478109644
0.0136914296322843
0.37405554729450835
0.475009371801767
0.5250722792222016
0.8323265618172365
0.9978477774665132
0.8656608472246403
0.918964682576386
0.985811407543377
1.2769976426726009
1.1289643182297495
1.0014022079794678
0.5895786068678387
0.44002737296572475
0.4271741541074431
-0.0010798054328983624
0.20318392175543967
0.40749299055655
0.7125522422077207
0.8977033823531909
0.8625009509176137
1.0650996485247075
1.5630007293700494
1.8182486298490472
1.6225460676230663
1.400355649533933
1.2069452523680966
1.05790491100196
0.8049139322278155
