-1.522522567822825
-1.2282736680650503
-1.1469189025369033
-0.9578171287447126
-0.6931985385295676
-0.5454160195194482
-0.274937141456907
-0.033079396652902125
0.3553215338474217
0.8341555021400505
1.2503621363563127
1.720474078389236
2.2584487929680783
2.7329489397705564
-1.4558915506372263
-1.3157077384311424
-1.1037011668890688
-1.0005558028702803
-0.9522840344362101
-0.4986095100632652
-0.32693661609982666
-0.05623007675521072
0.18503458699999523
0.6576242667884259
0.9148550773914448
1.4335647799374431
1.7552468554571716
2.3715141884426316
-1.798797628283617
-1.6113282924271708
-1.4185997251434903
-1.028407641831237
-0.8315272652579658
-0.5598548101370469
-0.25183091660294804
0.0032672145308403648
0.14126085801202187
0.4454136382906117
0.8379413475290066
1.1887967008116742
1.5000399655453514
1.8287174885113815
-2.3441485967977167
-1.8927632727523243
-1.582963300775753
-1.2293251740900664
-0.8125379102191066
-0.5249953492123137
-0.11097122699324412
-0.12964493755140916
0.04032172690088019
0.2761794461436837
0.5563409092357454
0.7986575501363018
1.193404784829246
1.5149268703625924
-1.9337354780649734
-1.79388758300168
-1.5001676860478712
-1.114917015260624
-0.8593586443539193
-0.5583713033986604
-0.4745344820888152
-0.3396152527997523
-0.310727648202246
-0.04732574006898955
0.3325546851879366
0.6109966195466646
0.6834102281065901
0.9808586057875621
-1.6456750536119036
-1.6681898642695216
-1.4719674529050448
-1.117277066460982
-0.8050649572224041
-0.6578831922747314
-0.6113910303637146
-0.5670369540442951
-0.6088751332725795
-0.29399583146319475
0.13815394764263458
0.2549068179914374
0.21882189998208265
0.4068086164657313
-1.7377071508598385
-1.5316158329971419
-1.3347025287883165
-1.0999728149346863
-0.9932453593666339
-0.942657563817893
-0.8735312444503164
-0.9193672966243371
-0.851557462036995
-0.5008350842331522
-0.15782113996124966
-0.04899561483660429
-0.028349253319388236
0.03473328662529554
-1.8780001111468088
-1.4155586058037384
-1.167924623482651
-0.9928111468320284
-1.2884876800626341
-0.9493397024313093
-0.8969487619353589
-0.9074665563141913
-1.2125858774941243
-0.4559215488662948
-0.1490482697348809
-0.2715248750339654
-0.4701017327410282
-0.19230670141669956
-0.8136347754942979
-0.7867685748501461
-0.7454573237094467
-0.7967073306015785
-0.71091726311443
-0.6750890727923992
-0.5596886133861615
-0.6588652495817257
-0.519143768324432
-0.21987825969271954
-0.03815956501511188
-0.07337755358422285
-0.1443139431396851
-0.12803250083221177
0.06575530167097372
-0.1569122711900128
-0.25549687917702674
-0.26096818286665563
-0.2549553916793257
-0.3514459387135296
-0.257680674958292
-0.12413336432488031
0.015490983589079325
0.016764980345427137
0.15460819326662836
0.06175290872962028
0.11768791243926655
0.07535550921280695
0.7714508223528093
0.6227517672611406
0.3659371763920558
0.2837915294574707
0.11670197276731223
0.09835247499705702
0.14577689427389637
0.38741787820739215
0.42429351125367326
0.39847005606133495
0.2807317763843842
0.1861333130297427
0.1192922604713279
0.16686347704430426
1.6445420731031422
1.2726662704120733
1.0087413286236842
0.621112611707872
0.4308632826458244
0.5557294515141228
0.7175371933357201
0.6479414197121318
0.8856977573390684
0.6953765533685032
0.4196182163241836
0.3832666074514153
0.3279929957185032
0.5043541758616101
1.9490577588318634
1.81715873481909
1.4392549184147796
1.1449699400078424
1.017590107413714
0.9061447658618267
0.8124562695111733
0.9052883760726704
1.0084479881400077
0.9664030499323636
0.7994922515790878
0.7785572747465224
0.7151080546042887
0.7167212195626237
2.4442939420162157
2.167498243746219
1.8553674891847127
1.4937378939356134
1.3420061646413235
1.0425314098632104
0.9829114933876824
0.9635907784604347
1.0381999840208012
1.2763984382429843
1.3242383049206465
1.1520515820519845
0.8461797230312772
1.0672435733218177
