2.0442384831036873
1.9473875163303382
1.7659249522303402
1.475412986358816
1.1238989881376813
1.1884015432427186
1.0725695090044858
1.1535072460217526
1.0745843556445343
0.47832008713877616
-0.08365870003476111
-0.29833040904492947
-0.565206969549394
-0.46415112585131824
1.7599316153471878
1.744422175628995
1.6429922792895089
1.452572361017433
1.3913215695202947
1.1731938469305832
1.1574979509012806
1.1845318544230177
0.9455075823372399
0.5101478368943133
0.08827032424385449
-0.3495613259266602
-0.5906051769779094
-0.3990249402622879
1.4043376629539155
1.6557469499042279
1.7444297271051599
1.5342356146141898
1.5004044017890101
1.1889376810359573
1.2617863403820875
1.0880161229433551
1.2189102307121151
0.5393323672473347
0.0947390315664228
-0.3064440116230732
-0.8021829189760011
-0.31937345322590704
1.548031568447428
1.4527664566467229
1.4532150893848625
1.4441917855681359
1.2783602935402154
1.1562930430601082
0.9717974125962637
0.9443690547450692
0.765400653187674
0.2813455727805778
0.07151009507352646
-0.28724205109187895
-0.3685801802730247
-0.2093933338765551
1.5529337474189358
1.4649433564461436
1.291946060376092
1.1905067606915911
0.8898838830991207
0.8354494965083936
0.7279786222576394
0.4587990108654757
0.3769239341507212
-0.038082428678858096
-0.1804100668122635
-0.15500489503620332
-0.00973487159100407
-0.050804958871511326
1.902036438645217
1.6361598616585789
1.238852985572335
0.9124134641681121
0.6768045184896636
0.4195540028464377
0.18686198813584112
-0.0946469774061429
-0.31479369274304747
-0.4496430007593104
-0.4119401957011216
-0.19203518740711967
-0.08490601180745244
-0.029626570379157207
2.8094328814277407
1.8162047141184539
1.2740871724507796
0.7029952597377134
0.15697007067146582
0.030072349185810525
-0.12890572460436903
-0.4865533017506939
-1.1512754567569665
-0.7168498379095057
-0.5181520643919545
-0.40737475084179
-0.2515466470750709
-0.19545887686398317
1.6325664281965604
1.263583741672542
0.9136738660280599
0.39963787789437416
0.043273699012313475
-0.12158492948749315
-0.19881435958025429
-0.48483792073713083
-0.6140030284469163
-0.7477049840689162
-0.633952876196383
-0.4630201958774722
-0.5659175251211704
-0.36323141364905787
0.8254958254522213
0.7315054076597238
0.37838394265924585
0.15391019270731215
-0.08117124633233261
-0.15242110654512844
-0.4417602806514577
-0.483449163818128
-0.4667914404603204
-0.45226546217541647
-0.5509264847049758
-0.6928131104692773
-0.8100359422213608
-0.6210883894901772
0.33178086236964016
0.16080687003199104
-0.044306724493113445
-0.18541075182855898
-0.35461346293623647
-0.266286920471574
-0.37405396125073176
-0.36342944698038465
-0.34860110722831505
-0.43345188529362927
-0.5400336818665032
-0.8049718633731614
-0.9429215938613503
-0.8302645195080552
0.17612327685987333
-0.26954922493792155
-0.44328321404110965
-0.4490808174894672
-0.6293820008657536
-0.43684691819997923
-0.1420844657732117
-0.37672733673857
-0.14798208097491372
-0.4875333654400027
-0.6616799484570809
-0.8811327115235003
-0.9780014485957808
-1.2237013962242658
-0.4748974769279924
-0.6667783505882917
-0.7894397972343592
-0.8322119072400188
-0.803132530006181
-0.5742490806756141
-0.4293448218097727
-0.5368997887878293
-0.5327549777852267
-0.7613782720604292
-0.9716504470236608
-1.1512158517809243
-1.3562696638055713
-1.6783986445518813
-0.8911680567351868
-1.0936439663472493
-1.3282712714319422
-1.0400579181425529
-0.917527524988204
-0.7342846863362684
-0.6812153253558102
-0.6868911598403491
-0.8377647357625898
-1.0591680707164195
-1.2356605947782142
-1.6374220355787847
-1.9389036243554476
-2.1170711535437214
-1.6062067236455821
-1.5119250790408203
-1.5413173185259743
-1.4522503427941855
-1.320722677181105
-1.090505594646455
-0.8030984504969739
-0.616062136055009
-0.7173750094107105
-1.0228788120341403
-1.443866195422358
-2.065344205768192
-2.4648131565818705
-2.6486865302157114
