0.7154481695257356
0.5706102645484817
0.6088250275178929
0.2789361284732102
-0.03217183097010503
0.004150594794920583
0.025167839743836715
0.22635840577247596
0.5193830800954964
0.3419494181438797
0.15332144127248018
-0.2314247850015237
-0.4780908628179704
-0.8572744028874868
1.206787648417677
1.096414929813999
0.8240136594406157
0.33748779556396574
-0.03433272375897364
0.05933965429716676
0.015908025438932685
0.17191713944712658
0.23443106283206663
0.10717774603524638
-0.12331195615502627
-0.5102656578764508
-1.0324995147322547
-1.1732483191860608
2.0723603928467043
1.5408541312471447
0.8349927916438398
0.28914391127628003
-0.1465540909603014
-0.09673819600121734
0.022376423547451646
-0.029090951160549747
0.25918738090210863
-0.12481098464495709
-0.19469573880037014
-0.8382389845415984
-1.586845718757589
-1.1237035211830297
2.0984612492259243
1.7673118837305921
1.1370018447657597
0.4544140988829484
-0.2074283652336567
-0.41190104762975366
-0.29972059440358373
-0.4666050981217664
-0.6343197283080607
-0.7129733934844751
-0.8302132114528736
-0.9578302214227312
-1.2738533361082596
-0.9532525843729015
2.4013384114188754
1.8612701790939767
1.3584945507953725
0.4938319905619826
-0.351624108967035
-0.6073865330820586
-0.8300463729235503
-0.9583342859777221
-1.3852060973145304
-1.2061905345997839
-1.2131694238584143
-1.0787093134721257
-1.25957108437056
-0.6352165199795813
2.521586042268144
2.006574794901391
1.1858809859996788
0.26177686838638625
-0.6651651445312508
-1.0819528642557212
-1.2957362162516166
-1.566868420053571
-1.9242788177843626
-1.7011706183719018
-1.3130716104345976
-1.1476558215384318
-0.8598212334281682
-0.3336997013412349
2.937882913804052
1.9175965201794543
0.8907745939970229
0.03849730488814336
-1.1196326125071816
-1.112200959894641
-1.6122647277093651
-1.8608783180231725
-2.8961301335705865
-2.0750971562713647
-1.572256884936945
-0.9978128338923044
-0.854389592007453
-0.21979035306716427
2.2414996145721733
1.7932542526636301
1.0521154083682174
0.3043777145626158
-0.522430873962402
-0.8654115128159116
-1.2651352720126798
-1.7081092432528
-1.78535689101417
-1.6380352199825503
-1.344016372197287
-0.9037341073705079
-0.5903794338073864
0.008342300854374738
1.8767871509191336
1.7109450163631175
1.246220596891307
0.4539862657297992
-0.17329081409174715
-0.6195589140745272
-1.001724985181839
-1.1624187927688547
-1.374811547623475
-1.1950413910627855
-0.8409038073473107
-0.5513196641310096
-0.1329251118798717
0.3537683149024699
1.8786354452091407
1.507835513896438
1.2866433476833636
0.788452701224946
0.30173743824764715
0.02430703739336496
-0.4223704460574576
-0.6245501272757744
-0.7796821653114767
-0.7432569477029412
-0.4333616479846235
-0.0641261794473445
0.4547031437954187
0.792095954147228
2.0331050030111686
1.4847422048323577
1.2361984661700163
0.8799046136522356
0.8143978375279831
0.3872469151146495
0.10813429489528617
-0.2405125129252286
-0.6207405470915176
-0.49388175951723784
-0.4570051834574086
0.06761427963488785
0.8438449699282327
1.1069392445700619
1.1716747678034933
0.9687886622445686
0.8366632488349026
0.5906348101909616
0.352702527849719
0.33396364404802714
0.10669032935303083
-0.1546930841075556
-0.2515906263980231
-0.30400087338331144
-0.12324204347797514
0.14792801741570097
0.562167991742778
1.1547454614334907
0.4754418581356305
0.401238628012924
0.39227386064374026
0.21255587696535064
0.08697571372714226
0.20958168308393824
0.13772619509959158
0.14331846577633833
0.013573106889750346
-0.20208573725856543
-0.26451328992949347
0.0996138657191536
0.38469472831577245
1.1736933605354622
0.24896909263920194
0.2366831209925432
0.17389054091762632
0.10825122983562462
0.05775685819572516
0.15394756527110917
0.1178465164105377
0.08982706636754584
-0.09506795542119409
-0.3563490207913035
-0.2678686715010765
0.02547028617941629
0.5296610273428376
1.0842044377331548
