-0.22987960603357216
0.13605452174565869
0.5272983052028491
1.095152662809028
1.428446144044993
1.7167046684727911
2.2382677302170193
2.415706960011386
1.6190842651371287
0.55743280444612
-0.4832292343921602
-1.30903563666241
-2.158371780356401
-2.743408413495463
-0.18275659351514253
-0.07133269907586107
0.3426121555115047
1.0167009272648642
1.302579794408663
1.496645831276172
1.5788008245936096
1.8453814505397308
0.9431852029628857
0.3272022409676493
-0.44572591306623527
-0.9617093979989091
-1.9175592856435284
-2.890140646541487
-0.08558272440806002
0.029102008003156734
0.4053233781246607
0.6214655161141595
0.9491112767380748
1.1278242431436876
1.0816837745953594
1.0259988108617533
0.49099830416287876
-0.1599264843934606
-0.551902172028603
-1.137232556819457
-1.8724457193771022
-2.537856993100013
-0.014719047179294103
0.3135873103732977
0.4755472200034015
0.29199166687151634
0.6245344407170405
0.4918175618631857
0.6501518722989882
0.5849965883937235
0.053711763592712534
-0.46021219175068273
-0.7040933091090688
-1.0870902318199571
-1.5009221842375053
-2.238724591617092
-0.26618982325133067
0.12096657079136211
0.4625729315174433
0.554144571974061
0.5132757019677253
0.5009667346722622
0.3773440100708754
0.3840930331540348
0.024564939200551233
-0.3011104449832594
-0.7506221590125284
-0.9351287252508886
-1.2828841866335712
-1.6240838869927732
-0.593154933634256
0.17479598182126332
0.41088721460832167
0.7150039340443045
0.689643101743135
0.5417518898017856
0.30445925002599944
0.0448016857397761
-0.14190228199661845
-0.47172646421518355
-0.5844834668279939
-0.7913626536012207
-1.2000626961611534
-1.2045369788675238
-0.9106030612007034
-0.19207278570843153
0.5236185270626618
0.7205316027740716
0.9353101313233675
0.6415197809483532
0.5787104307162754
0.42139958486907697
0.03895851407269477
-0.2529764657696002
-0.45392373450303336
-0.874412032929838
-1.0173924687088287
-1.10352736769939
-1.1205644776740484
-0.1990184367746135
0.36437379742369874
1.2043302335286485
1.0915617663682071
0.9167718861053121
0.836089309345642
0.9082776765297375
0.2354702110832466
-0.12353563240649335
-0.5722448060499908
-0.8558035656416283
-1.095174701069852
-1.1933817007892398
-0.9674188198938312
-0.1448486417672998
0.3866964449980024
0.9478081892303297
1.1113907362618511
1.0514870508389451
0.7679729090360423
0.6441961532286777
0.12682774832747343
-0.1939449782637108
-0.6229340240232759
-0.9128404985131199
-1.163548340322504
-1.1604108613011377
-0.6532172000490519
-0.06165994498358652
0.5338069095552063
1.053483842878102
1.1142487545812483
1.1320676095484692
0.8635059399741936
0.6295555162708841
0.05399436271032061
-0.5144374195357195
-0.6647335082875149
-0.9395203529185969
-1.273261862432349
-1.488286635718437
-0.4319778053373936
0.16953014071097655
0.5915074657531352
1.041711289314287
1.2629772247638964
1.1814545858875385
1.1812700769854616
0.8663781263556574
0.3284098928612867
-0.37389859292629235
-0.9322832854102608
-1.3866682401258508
-1.453099034773187
-1.4563565917393435
-0.07808472470161039
0.2722979971874311
0.525204645366747
1.0969714068031138
1.3790062540616217
1.6076697728498426
1.278834823366393
1.2659160226721269
0.20981168346360465
-0.4128976477623444
-0.9430723135342479
-1.8581747867584624
-1.5959498081450632
-1.5070099671077253
-0.11669598951959519
0.11861455681011343
0.5184673499063219
1.0480790684339716
1.261109276553417
1.236791168985388
1.173297033529463
0.7528439134318944
0.05336692845181741
-0.46430572011770666
-1.0521069778675995
-1.3592509360941623
-1.4518719397219613
-1.4606998489262741
-0.21991614118305133
0.0644250891901631
0.5346336756387086
0.822323643475821
1.0828229605548791
1.2102110624455187
0.9522057253905075
0.4283728273025637
-0.11049947904996049
-0.7398434176562401
-0.9321832528358185
-1.1345064326513128
-1.398989999362842
-1.4877117124030694
