-1.2229343130637877
-1.7998617214933434
-2.1234192005969885
-2.2996471167590915
-2.5581107811419943
-2.606597427744963
-2.65035531732888
-2.0069216920964523
-1.3923598941158208
-0.6860639597285909
0.029508520973984414
0.266816319784919
0.49428695587572963
0.9646504314626065
-1.163358632970018
-1.4946369217173334
-1.8678274132050428
-2.1094566430983246
-2.29456355859546
-2.0745570476199076
-1.9333707756969112
-1.4590013684229561
-0.9649084352052272
-0.5834529895328145
-0.016087692385703633
0.3647361713665233
0.5858062184560773
1.024115269030065
-1.0727817074203576
-1.421579031514535
-1.5626746211583193
-1.7115855119007568
-1.7525492660175768
-1.6434380384535825
-1.4915751812139484
-1.1220499370934947
-0.7171361573628418
-0.33339363340080613
0.14680197460869346
0.43401565026514966
0.6882459343581155
1.0570085342088755
-0.9589185297899355
-1.1065275265165804
-1.3593902986596487
-1.2313418950319566
-1.122358225809317
-1.2297841275680188
-1.2093017031863322
-0.8445771187470358
-0.43600162602963577
-0.12969722848709772
0.29461051723024984
0.5279572328861941
0.901136208817146
1.3008440701576223
-0.12163788560694051
-0.4248287980973962
-0.5751468920176288
-0.7161462641722793
-0.5805274765908666
-0.645083489077277
-0.5798794425709276
-0.5200006721135648
-0.3111803975785271
-0.04899486708089661
0.4170071166920817
0.784048494082684
1.1181926157182593
1.4770109116697054
0.5124343042595698
0.2437676424627442
-0.12421157848559151
-0.09738205368298906
-0.21081128370525085
-0.363037536042599
-0.288783074479129
-0.34524430470518624
-0.14021162307066404
0.1913608957297239
0.44158257354343283
0.9085259981345474
1.4021502864618904
1.678209032512626
1.1199303479099212
0.8578773612149477
0.6787616872463673
0.3861104860559897
0.044150350268770615
-0.10190310181336582
-0.181368186954289
-0.23115293048590116
-0.12351520257082084
0.18469588560061004
0.47768382582048396
0.9235303319147942
1.4241530167485617
1.9193590229458508
1.7103243200208147
1.2948407909773305
1.2344363485259606
0.5991100173088517
0.277380441929338
-0.07092267786485969
-0.4569049658910214
-0.26354969335383865
0.013526086000603989
0.13439201726014768
0.4222052410291715
1.0439268274609643
1.520991645980801
2.0367322221079625
1.5782645862026532
1.5100830033943715
1.1790690769237735
0.7093290678757911
0.16605785039207957
-0.22990073652770968
-0.46738570380981725
-0.40836218001649727
-0.2188642917389256
0.04776078921982709
0.41945917082604484
0.9653099844328421
1.427802810308914
1.8083669135849196
1.4535717567148652
1.3737589193969797
1.3758494930656953
0.8196763266264055
0.11080671486813908
-0.1938509639609369
-0.6709653216995939
-0.6031430119025805
-0.5787192712820203
0.02130400580900884
0.4770902036812707
0.8846146673725279
1.3820897562640153
1.626801883278112
1.232296065665997
1.3299120696094269
1.189351404230301
0.8159754385867573
0.30298641526548736
-0.25515421202467914
-0.5476865173760572
-0.551116452758534
-0.43984833016344194
-0.19659636527730182
0.11078595866144934
0.5584233822010006
1.0528388019997756
1.5265373912973639
1.0257046236607472
1.116214276509216
1.4170424299524877
0.6731909817973003
0.17623924513693048
-0.23138459028743477
-0.8469285699141424
-0.5831711342307753
-0.2693911973177105
-0.3076018793151421
-0.576387250459309
0.1993943802218892
0.9137336990763948
1.347332322226873
0.936419649884262
0.8849910323710124
0.6659344243144548
0.44600624288233043
0.05349951347528782
-0.2777408891110735
-0.54183846977336
-0.5093871959453383
-0.3866178496461742
-0.32676033302300994
-0.3189493422271184
0.03826769606992471
0.5219240951377041
0.97003082553068
0.6300959987738038
0.5751064123815316
0.16807891743711922
0.208575177796725
-0.07523917860556918
-0.1762979569117822
-0.37386582901379667
-0.38569405615189917
-0.359917704824004
-0.2670543148982989
-0.34423896913357876
0.026515636220685847
0.2333943101828776
0.5638247813473326
