-1.6823224436532205
-1.3196019848037048
-0.9280001156374935
-0.32014950257113334
0.20452007633730965
0.3441798232263399
0.6230142779453809
0.8787197261150862
1.0604269824423482
1.4158040817215012
1.6491842894686548
1.7604067407625505
1.898005049646621
2.0930997218673464
-1.909012499716408
-1.5917595127571071
-1.1630003469729133
-0.695038781404947
-0.29689455766043166
0.0058783596408655174
0.342310400597477
0.571687937140356
0.8193225568930664
1.1261863101803402
1.271561900990976
1.4174517389801813
1.5184613266162457
1.6327290869704452
-2.1197212207096277
-1.746768577908594
-1.4961235801986301
-0.9969075829028888
-0.6812529769186202
-0.27690343600443645
0.10409328717671115
0.38490692651975145
0.6372896743778104
0.8670469487502904
0.9463053483314158
1.247740383828414
1.3524346908378477
1.4334560508555623
-2.046793995155853
-1.726937836528423
-1.3809940132641016
-1.1155906203164758
-0.7957478968795667
-0.4746998804832199
-0.1353340854997577
0.17598922478709184
0.510945038328422
0.7613907298283639
1.0626791280190353
1.2626586700306606
1.305287371856943
1.3359728300966935
-2.0270934310850315
-1.6751233719587066
-1.363921252877583
-1.1778548445198835
-0.8791829291358048
-0.6635130921652715
-0.4862626706529499
-0.09932192424322514
0.3310884357928297
0.7868365391138392
1.1386671816236513
1.2372958210912468
1.4859788406424665
1.4553267483667505
-1.8379366112053348
-1.7549091456851222
-1.4745288877666904
-1.1269283636440417
-0.8672417810523338
-0.6716803495267968
-0.5329547917875337
-0.22764226920053773
0.24168432921577043
0.7127477978689215
1.1706944893101023
1.2624979904610767
1.397972959971238
1.4440382465511126
-1.868004001533875
-1.663164572573013
-1.6488087404410803
-1.204686981882656
-0.8410947840985707
-0.7423422368556657
-0.697922536124122
-0.2563140763594757
0.05517633118869744
0.7164648343378724
1.3452465634753916
1.2641112931506933
1.3053604535377812
1.425163628469434
-1.5167608246266386
-1.3679909226199793
-1.2739581300470366
-1.083201376931786
-0.8098474824671095
-0.6794516344585566
-0.5404306148419347
-0.2890537110828876
0.07042174539265236
0.5392064209143459
0.8835952567958327
1.1911603744596966
1.3003491853195637
1.4521839417238138
-1.0974438850937602
-1.0033090346032143
-0.902900520447465
-0.9142436038566039
-0.8140392126569393
-0.602449040433314
-0.45161168886969877
-0.21587214087668657
0.10658866382178973
0.3550275293631047
0.656446862303099
0.9483161837234089
1.2807665938337307
1.3866752024904752
-0.6375242210382204
-0.6469129014840652
-0.7087118277693939
-0.7116841209940218
-0.711507877822115
-0.5950680508384856
-0.41606372398967245
-0.24421590949417077
0.058770291799334476
0.31227083622480173
0.5493906953041272
0.8308466823233694
1.0962194568050831
1.3536901736677145
-0.1365977972699066
-0.42814619958953376
-0.45183087689230567
-0.5738248429325875
-0.5133314927202154
-0.5465443082096861
-0.4152019590911453
-0.2771523787697699
0.02601666758824692
0.17198799368491288
0.3582715751294813
0.7175456590086259
0.899127164751647
1.271540516137361
0.013786127514642105
-0.23705102356243166
-0.3594002157934079
-0.5285869720360171
-0.5904411709965445
-0.5855326643085812
-0.4950108932182205
-0.2959227050370906
-0.11960453044410367
0.12037518994431552
0.3682613969871661
0.6707896884873755
0.9601566416273117
1.3476688849502731
0.24673456672143776
-0.09695393049003904
-0.4248301948594981
-0.5645758833006339
-0.8019985365342871
-0.6426599841944994
-0.5403442298134905
-0.3327623053894245
-0.16416750942247874
0.11524917989856834
0.4266039165767632
0.7188706037132091
1.145629492266999
1.5818772424812528
0.459779492682108
0.008167179912572783
-0.3584179385733332
-0.6475254850423895
-0.7917278791576358
-0.8628696585939711
-0.7973572928519539
-0.5301817494774939
-0.279461068235792
0.023144187481365167
0.3832577293665719
0.8539286079402337
1.384425517201734
1.8696347348179738
