-1.3998091719803298
-0.9807896927326862
-0.4968248468806047
0.1483717390722747
0.26992271053084244
0.2763153881752012
0.8930311355542372
1.1581285818607536
1.3553843104904102
1.5601839276276384
1.4964765841751533
1.3804079559753535
1.4109362262728362
1.6208177563919146
-0.7740822942866574
-0.8250394147715968
-0.3560537176580163
-0.07108672419639969
0.19371877060229983
0.2645278876442093
0.7119410412972534
1.0963714098297803
1.0763067887329634
1.2237083135899391
1.342460744985266
1.4898060118556462
1.4757521936953655
1.4264514850479377
-0.5944270214451667
-0.7683026616655365
-0.3786494589960049
0.16354435157507904
0.12087757833985126
0.18863528862837053
0.5459334894559388
1.0649948347462357
0.9375869496347011
0.7844909313460127
1.2260165927571733
1.91426933114774
1.6163389156632588
1.224794825350307
-0.32680384713767036
-0.43582625348806114
-0.34281929412475765
-0.3489032795349183
-0.2702813048441723
-0.22204352508943248
0.11357416607527922
0.4922079251975119
0.430559514654467
0.6227742681057407
1.0404883419110975
1.4226308915388153
1.4626011725438315
1.4212213344452835
-0.4287310942991569
-0.6564357584594994
-0.555767277386478
-0.5318036587863432
-0.6041089092676634
-0.5821355137946695
-0.4390914631444795
0.0007065199038080521
0.08083312261192169
0.1329251695925415
0.5674256361239166
1.125942345218572
1.3672157716754283
1.6687340743395365
-0.48665822980833784
-0.7652083259568966
-1.1474296130749324
-1.3185553257488907
-1.2122220856114325
-1.0781505743657893
-1.0298987100371786
-0.9301637736452751
-0.6239884754697796
-0.11265274749665702
0.3886173886819196
0.902388022188256
1.3460737795433775
1.8425626474372496
-0.6724769708711615
-0.8779637115070046
-1.2629587177458548
-2.1241377911027874
-1.6265857619896285
-1.6275961274557968
-1.6924897693070446
-2.3184568830221086
-1.2736061909211036
-0.6718565798736871
0.14785259513350257
0.9295872558027539
1.530280779466597
2.0267908614327306
-0.6875517452480152
-0.9997856198571886
-1.2937479627675372
-1.3784481177329655
-1.613514287378505
-1.6212160770416602
-1.7382985173844707
-1.658177490564581
-1.1097721149703677
-0.5306853009595948
-0.007821790430966096
0.7161501915930315
1.3928727001644594
2.023927615130388
-0.8438307946658998
-0.8675051096332946
-0.9934707944780092
-0.8868003299441906
-1.1600332415328998
-1.6484527491860674
-1.536308350080509
-1.205029805758577
-1.118936784837778
-0.6013077163212042
-0.19877714735434235
0.45383154491635175
1.1604793692565372
2.2136184315864726
-1.0258899768603418
-0.6908044160097859
-0.5488022171729151
-0.34707474949001477
-0.6370440177750458
-1.0687213937745614
-1.1869536356163546
-1.3319297031480728
-1.1945971240439308
-0.6947925473682733
-0.3608726549921695
0.12802281232623466
0.9621729230189788
1.9132764318905804
-0.8447393567015954
-0.7143469238099578
-0.14631072422511238
0.3152267554761362
-0.19146328853680325
-0.5020254932677887
-1.0791162670418555
-1.7728781702001826
-1.2165690566464016
-0.8466204613208164
-0.456260471480349
-0.31922473167341314
0.7384174397663702
1.840463646558056
-0.5576362349398939
-0.30871469685531727
0.09808296651878566
0.2708789886942437
-0.0557672780920573
-0.44853300981874866
-0.8059326480149398
-0.9133283079889504
-0.839198493447643
-0.5669106128447043
-0.271023337695902
0.2032874427668522
0.795095747756962
1.489343228496165
-0.27084240129573534
0.11904144842976913
0.2585316434265292
0.3943562459060866
0.21645241760919115
-0.17824147342209806
-0.31095980158697184
-0.4540291617073755
-0.27060348009290947
0.04675252580354595
0.22481105892353276
0.472897641877056
1.0227358411820182
1.535792913264099
-0.05755413967193296
0.16455506340498405
0.3450464290316056
0.6580623584891352
0.582466273514151
0.47611083646781677
0.323888040992947
0.398767705479523
0.4210748947407275
0.5908731118051822
0.7317896085351796
1.0869849666006923
1.3535109188228256
1.566509039841976
