-0.03513981618655955
-0.0632080468003985
-0.35614573293909696
-0.5018164104497642
-0.6446611594534639
-0.9820398775784175
-1.4023022932469211
-1.7706734365535135
-1.9998836714710233
-2.084482590895652
-1.9925641269727232
-1.5927473716636027
-1.20811278808311
-1.0813392685293308
0.622037820946714
0.49796827775757374
0.2404656567607249
0.061918690242166875
-0.21977592834325832
-0.5173178352289688
-0.8601622115660581
-1.2399699320236823
-1.531602327958758
-1.661982525919859
-1.5226184109177063
-1.3824680303963182
-1.1415401550896507
-1.0684579489459678
1.4059744676769959
0.9989036019342831
0.8120585409576216
0.5256955862538686
0.2527950228858434
-0.16406091759622832
-0.4047886204509464
-0.9208617668933603
-1.2652907932896575
-1.3621445963696308
-1.286854941290264
-1.195265717027137
-1.0142301464291568
-1.111252840359353
1.5289037197661604
1.3626800009721642
1.0647665573194112
0.7409809766957568
0.4607937760383207
0.09077776356623454
-0.3113441173206267
-0.6666171604264529
-0.8919191490111359
-0.9969763304531135
-1.0170776436495477
-0.9859438724164638
-0.9202947834046382
-1.0769081669236489
1.8159887621616368
1.5592518493381562
1.337908931367141
0.8921856858824785
0.6242351528098938
0.16360859066365024
-0.11074862860359722
-0.4997980946592991
-0.7958183274416948
-0.7635230489940661
-0.6879385573669925
-0.8115972504445463
-0.7757783538521579
-1.099524076103401
1.9503081545827052
1.7001043983165591
1.225402581331239
0.9107932494779782
0.5475448661506167
0.2825728978212399
0.0024576568939384653
-0.20967587232073534
-0.5052356563124347
-0.5606796820199683
-0.638416340846731
-0.6685957014337741
-0.713839177863167
-1.0074202510326289
2.4176740221205972
1.7171367279858027
1.1734156384189496
0.8265950218996873
0.36975253263180624
0.3031704309671264
0.13793068634656827
-0.02477196266895369
-0.24677604101640485
-0.43522581943576233
-0.6378290231980628
-0.6523100596883115
-0.5235398062045115
-1.0202980632510397
1.882870336135887
1.5886789033787518
1.165349018344266
0.8688695927662348
0.5137535159526351
0.2984698873271111
0.21526102472562741
0.05398005065640353
-0.13327025274556017
-0.4080608944736311
-0.6077515925164637
-0.6733466055890239
-0.8342106770152228
-1.1393680126545347
1.5454876631834389
1.4853188347240371
1.2496059399160215
0.9259578936987265
0.6671126936193699
0.5003494138591669
0.23280199281546196
0.13299216121303206
0.021762243995715712
-0.3427602399343864
-0.5392058338271492
-0.6412654917902924
-0.7635132604460503
-1.1922405212108853
1.3596191491637155
1.3519558613049587
1.1775177700929762
1.1119445033096904
0.9980611925439283
0.7783264641261923
0.3910263405451299
0.10187322500284503
-0.10901058079746276
-0.29259398890864896
-0.49804181456463636
-0.6448027350095153
-0.8709453332025106
-1.1934291024108024
1.3429923123545748
1.2847392636983368
1.2101548087422738
1.3463672238441093
1.531031804830533
0.8954904242923137
0.5005127503505956
0.12664013596084317
-0.1117384709094908
-0.2903962975066839
-0.3235861378330634
-0.6411390139627706
-0.7529714382528667
-1.133888780394273
1.3819457114859803
1.3587208902921495
1.3446734849656317
1.3806434152082536
1.294695508211877
0.8692118099932326
0.41292330143627
0.15399291289978126
-0.1584730625182024
-0.28015084217314085
-0.5104033329717255
-0.6911421051930448
-0.9553347270803664
-1.2151769548672628
1.5057384291008786
1.4453309949101394
1.3780462535272737
1.3469227702943656
1.2623800069630116
0.8248893835308825
0.3581766412922051
0.03493627422502876
-0.1656683551683217
-0.45408276814545334
-0.719132505654055
-0.8545566299091698
-0.9887121862044951
-1.3579231620745484
1.727603395454453
1.6277088396059383
1.4826199473462085
1.2499417688743701
1.0123124862037682
0.7356834335169359
0.33740508172638456
0.02074990367790779
-0.3670796001750356
-0.6317133277374889
-0.8163707885878692
-1.1115683849046498
-1.3184635367420448
-1.453212736813284
