-0.18498482628523857
-0.47758528816839985
0.013075518457511
-1.925449725637743
0.004443492676669299
0.7206974951262393
0.08403093605201749
0.8931191709617405
0.14469963689863485
-1.7682812455133516
0.10123424789705232
0.8653265058490631
-0.19228201631944675
-1.4392613589445047
0.7469771904813902
1.7039002580617524
2.4596849506607374
0.7931274978264055
0.9303133028418035
0.4961235897820615
1.2013590908987488
-0.8814331789132573
-1.7979172560182684
-1.697235602493433
0.430304861931908
0.1622118839204421
-1.237312545939282
0.9830974660418568
-0.041311114598922366
-0.79608512229041
-0.09438423436827797
-1.1697344290810991
-0.07829407787055293
-0.23247242825052777
-0.22550648439702084
0.9025533921584015
-0.04600024692567669
-0.4495063770973934
-0.2195062987947388
-1.5041506432304514
-0.04894985747412566
0.8036274793549425
1.1431365532726498
-1.9243838875565114
-0.09309868340462321
1.553799458494762
0.3307875636178329
-1.0124180705982442
1.0001047810355637
0.6409120945216552
-0.2506177068840942
-1.3993966327201928
1.243892283396579
-0.027586396305102557
2.0603608739285186
1.7008131997498481
-0.12900588208368208
0.12616982673065133
-0.09834603794210117
1.172942662629849
-0.11496303140778409
-2.1345115401067396
-0.2991874034021536
-1.2879123955512504
-0.07396866948771368
-1.2528127790315422
0.05091688501732182
-0.5697493272451061
-0.09657001056117961
0.6156187168526747
-1.4724276088559682
0.44117684532679735
-1.3742689887320214
1.3735247589739241
1.6639209843361598
-1.0102531276837066
-0.15063497147104504
0.8467876765956284
-0.28809845438737336
0.31468357198613217
-1.024735391647562
1.009193758750538
1.6906158906011872
-0.29894350216041427
-0.06642108304601607
-0.17876946606595
0.061012633941435676
1.2867599946018546
-0.044879825312559726
-0.09966628630420178
0.14111226857360315
1.126420102730868
-0.06545218781863112
1.5827085015339837
0.10130285647871858
1.0639038305960804
-0.05286628146176316
-0.7749472211312903
-1.754691784092056
-0.09583618284429106
1.42498652294095
-0.61878708123117
0.2635952097573865
0.8653092576340947
-2.024184441721967
-1.462640906856617
0.21742932759840214
-1.6329303277668936
0.8570195661110772
-0.18006623314286685
-0.8728546912651192
1.68961137169684
0.11957983197448366
1.5597172920722318
0.05055530099046636
0.8726920422303465
-0.24955984594282557
-1.3172197582000285
-0.04775978504862251
0.14544173868164667
0.08508915384548325
-1.4811060346438703
0.14676883623460268
1.6258090100156883
0.0003070268063845816
1.6489187470953124
0.695344383488606
0.5428361474841467
1.0274136047019011
-1.8763096901683656
0.8762375575920422
-1.8969165965443155
0.8170328918629108
-1.6174078481961875
0.4002781514121315
-1.031424678859625
-0.447503178254182
-0.8124103720386471
-0.9255465893870727
0.2614491803204832
-0.09363860319395645
1.33812212433818
-0.015513516487979226
0.5366688515967024
-0.07665844295358015
-1.6899021979965696
0.12376005543444554
1.1549280894051268
-0.10316830115756846
-1.7824637115646835
-0.006959822467911493
0.049310537591155904
-0.06696402939490578
0.2264493233889879
0.7489872894454248
-0.6670693828557605
-1.6020748849759985
-0.5595526873431695
-1.6518982105695874
-1.0968997769850235
0.32073745969088613
-0.3005821487465719
1.172175465456677
-1.845931307458943
-1.776449907281239
1.6279120726882235
-0.1928668684458808
0.8452996798392524
-0.31101930083981394
0.011488685386323716
-0.20357462771249818
-1.2824290947031587
0.04596813046144106
0.0900346084924983
0.04521332744928601
-1.3878169658097819
0.1449338836002101
0.02075502998336187
0.008429781390744387
1.741507252226291
-0.1977271296472297
1.3882158889769853
0.7842924579002178
-0.9477170909627894
0.5276961417112659
0.8990422127696329
1.0162373499745019
-1.7194299643518431
1.451809406704647
0.5590861750472852
1.7157022436337317
-0.6492258145381112
1.7691582628086264
0.494845957771109
-0.2220743752030824
-0.86537504103403
