0.27823587974753505
0.3670413380281633
0.3644540716986634
-0.045345374604903496
-0.5085169994593198
-1.0374483661877862
-1.4243236477597019
-1.2273202215485826
-0.9469162107288157
-0.8963386284582409
-0.9273377495542244
-0.78655278064746
-0.8390229816379686
-0.7447372024203255
0.21350439934502927
0.23053309502450675
0.3153670097698439
0.12079296357425225
-0.24866207153888104
-0.697262123462866
-0.9894994623331487
-0.8702970417186752
-0.6184027759153679
-0.4177246735590509
-0.14413688757074966
-0.09157977142424982
-0.17674852782897263
-0.058384455512698476
0.09396938241879489
0.13039496510707485
0.2690632537080608
0.17196739633081634
0.16632366744152272
-0.209214819189837
-0.7548003456870966
-0.36972543867064955
-0.24676544312118381
0.18535396539793247
0.6509378403080407
0.5103534019968595
0.5061323835612198
0.36947555835564627
-0.2357130931604166
-0.06612422470384394
0.0899270948743379
0.20021472544990326
0.27601818134973455
0.2265057475439037
0.2188600202589489
0.26891755424388514
0.33350429783587165
0.554471840180008
0.7704532733893045
0.8261297477533748
0.8729136625864858
0.8569812502576667
-0.36978892502254923
-0.25504130473663417
-0.11138360575736451
0.24610112403939327
0.6552152345021545
0.8358983820636608
0.9778817513083058
0.8670157629908233
0.9977397446889968
0.9373465422787457
1.0175633828836201
1.122729759184881
1.4106112235172428
1.4037128003122912
-0.44757636106945864
-0.2377430078370665
0.07696416502256419
0.42178978530318917
0.8036865083248297
1.3415575125241246
1.5940207573111282
1.489797439069434
1.2528556789511223
1.2510874721987284
1.3952625214915848
1.4664550026406982
1.64145115162166
1.7700198785545682
-0.31616362065003967
-0.08830398461496206
0.12123819190442371
0.4452551679939408
0.8296699764462884
1.563994635990616
2.847037982584332
1.7522757815990755
1.3793463436736526
1.4061583094316619
1.7280955755721634
1.6188723018186773
1.8437967443379364
1.9638161233725555
-0.4898941241095
-0.1669062677744755
0.08061354030840812
0.2518859072673109
0.7234380507036099
1.2019835035968027
1.6498500479817828
1.5769156643911215
1.303877970163672
1.1410501582701287
1.2143363730934214
1.3027321693904552
1.4868695429626766
1.6263536064428448
-0.6223927132963748
-0.3132077266722341
-0.10428940422695326
0.10036777343446841
0.38133724002320585
0.6055352395258486
0.9960500953987939
1.0271098102196388
1.0332863314377063
0.748838813146918
0.6255054808087245
0.8433121799761468
1.0500746493157955
1.2404665499482943
-0.7438777898267609
-0.43545557828567005
-0.16671604939107668
-0.03826367588897436
0.054465498557667684
0.09320595619022777
0.15480307826237896
0.24178094809226722
0.220988569507227
0.14806079062809321
0.16033232761020957
0.31104715700108
0.5415596686491436
0.892853789726087
-0.704038049967048
-0.5087575652749711
-0.10389127508571189
-0.3477076860939411
-0.38347748073479665
-0.54702914880775
-0.6794539977427898
-0.4986117742621666
-0.597179559146347
-0.49465617612300955
-0.5543008778551956
-0.09969453904986356
0.018077328253125385
0.41343187487930017
-1.10586498306205
-0.968344194286524
-0.838981835477592
-0.8381132232375139
-1.0316642477667177
-1.1380858967707543
-1.327346011563853
-1.2007030934337857
-0.9719462405654996
-0.906669565249296
-0.7882317047171244
-0.43046307516787224
-0.24372852215447488
-0.02213807487070542
-1.493094324201292
-1.4449731970536919
-1.4387682855286803
-1.4355922559471885
-1.6091748344285046
-1.9076471503851273
-2.084967665739712
-1.7843659954879423
-1.45579899373026
-1.138475202274118
-0.9729676237485775
-0.5507911290290441
-0.4066020497965972
-0.35472640233140296
-1.631452775938436
-1.6616675261587441
-1.817201975087579
-2.0004088534837092
-2.174245262212227
-2.511820415776112
-2.727811724372992
-2.3307006913751427
-1.741967116895332
-1.2515012466358333
-0.9300382622484515
-0.6669950668391487
-0.5665524520741113
-0.47022363339863366
