-0.3678485708880631
-0.09497816397319842
0.20345464739090505
0.5894518266482128
1.1313091498326413
1.4647866369993658
1.9765608971207083
1.8103031693013056
1.6789600301147356
1.3320621056312687
1.0296050281952864
0.3930829161168021
-0.09631692545103553
-0.7171302979883757
-0.2735505027888728
-0.019835531905836628
0.2882845584858339
0.598216048742357
0.9503986585529
1.343353698438904
1.5798287550247996
1.658428648348536
1.4909801673826404
1.301143748392869
0.9437842112129525
0.3517948559150521
-0.19760093210537127
-0.6147067368407516
-0.3182336954514795
-0.1282807476857257
0.20751319946591718
0.4839974519651692
0.6946472210130287
1.18632528192884
1.556833545292793
1.5013455597698373
1.3767249507609296
1.193280908222818
0.9430746625852696
0.37439521334789755
-0.2610355672481512
-0.5002356770463514
-0.5178818227738992
-0.368597256226422
-0.08163179753558605
0.37025465179960915
0.7962547060098921
1.3026444255947778
1.523198672143114
1.5513729949429158
1.30109193784605
1.1220385378612414
0.7660163446448222
0.36336938771084
-0.052794687384618184
-0.44105389003546397
-0.656122272679311
-0.5921709379946419
-0.4869223296182056
0.2787300458458533
0.9068327519095284
1.3079997603158524
1.882717366193466
1.490614656681618
1.2432438534560764
1.0652007449815477
0.7696358828002512
0.365356277179789
-0.01015544183771812
-0.3443007401163927
-0.962949853534327
-0.7666580467936989
-0.4455974214032619
0.105995194229002
0.8172073615058154
1.3335515838231211
1.604583370148811
1.4843474494623363
1.2565430592346527
1.0561199961080951
0.7944803227390653
0.42022324672615946
0.08784128152401986
-0.19543574255921767
-1.3309478043726182
-0.9239703105646165
-0.55073195431062
0.006125014900716499
0.7536096434637418
1.1935461908531242
1.588192773473204
1.4233923919440614
1.2047855616559446
0.9587339941825246
0.8636936970184265
0.468620415791569
0.24631766459512958
-0.19914529453098906
-1.611411197026661
-1.2011236296992582
-0.6590626299928958
-0.12993798210542232
0.48858925333284414
1.0511661169609283
1.406498244968326
1.2823817588074222
1.0435030176835052
0.8716102975658435
0.655289776970836
0.408599275070338
0.03409478369141652
-0.2260942196821858
-1.9059113515138808
-1.364168911307874
-0.9632932884187715
-0.32973720202005663
0.25863571495336746
0.8366228662554366
1.8063299489500426
1.119273702393852
0.7515229261824358
0.6038207046346787
0.5110654790265935
0.209849588860838
-0.12837400451641107
-0.28170647986288166
-1.7867128783034711
-1.3247329913634798
-0.9215312764379551
-0.5567241183760833
-0.04062174875268015
0.41106239477510836
0.7674430817773834
0.7385696914779515
0.4044856475263579
0.21297215794596827
0.051169258667408596
-0.13747004211250613
-0.4035529088203814
-0.5245426201316677
-1.5189375254984014
-1.2312490594334053
-0.9757108351616864
-0.7095882822040912
-0.3813812330656174
-0.10492028758983679
0.15719168172663334
0.11463823644529059
0.036489061117219765
-0.21380739767204612
-0.2945327022934456
-0.47359536278171016
-0.6695479332610988
-0.6791958884846675
-1.3500750852571237
-1.1979157320326457
-1.0552241903090491
-0.8802624685427328
-0.7149858163429678
-0.6194821022792756
-0.5198536659257059
-0.5900621978380036
-0.6709623426350467
-0.779320767042676
-0.901098452084431
-0.9896814783541353
-0.8596477046448551
-0.8609201482249033
-1.1357250112807735
-1.1370755678952689
-1.1002251959927432
-1.0290950726219914
-0.8892189600898404
-1.0256414412746782
-1.2234767487145848
-1.2270986340928594
-1.2706700883228412
-1.3124865771718857
-1.6854711501633588
-1.333143778509124
-1.0894057080950188
-1.0941531310781887
-1.2141881351021904
-1.2568385472281736
-1.3262722951893566
-1.3422300617791556
-1.3887928834828571
-1.4876191804855032
-1.6774788954370485
-1.6686441950687187
-1.6155222483622684
-1.7197360779675908
-1.748240151683476
-1.689312801712767
-1.575465036686452
-1.422568962727747
