-1.7207578268763972
-1.4997681954756645
-1.0084308114071285
-0.5369204368592263
0.013814959464396126
0.5456604054291326
0.9594758048874065
1.2783829274456266
1.1818291326188421
1.061065466609939
0.901544054673636
0.9091499685294492
0.7198977408446203
0.5327050356880251
-1.850621238743868
-1.5269577491429183
-1.102329088770126
-0.7168989692052983
-0.2360809990054489
0.2952281712018096
0.8291136449056321
1.167138514920764
1.1342404876695473
1.0041694311348162
0.9199348324657101
0.8745351176422895
0.7514519891982284
0.6341814296618565
-1.8052072432316362
-1.438315453975755
-1.2034254316169912
-0.8663441523829131
-0.4475363224545142
-0.011507287240285982
0.6258847362507276
1.3718200642245353
1.0993274098369121
0.900113373962733
0.7960535408332794
0.6957551512646332
0.7513065292438045
0.8244772479391373
-1.7798964536400803
-1.4508498842429227
-1.1981706738070248
-0.8733227325923909
-0.5505859062844675
-0.09596969214456226
0.3733799474851161
0.8328485990888657
0.8714447318197719
0.8823610881968952
0.8374505865236064
0.851252362140592
0.9201317010995518
0.9807056928994516
-1.7333189982987878
-1.513390673365728
-1.2627477200383803
-0.8818769329621818
-0.7084572301933324
-0.3886775790846393
0.06739712607589504
0.5864336756104663
0.6871861581498682
0.7685538149816395
0.7796454534061389
0.9892675182966985
1.089184788081959
1.3241138059145707
-1.7538758702747343
-1.5167819368242668
-1.3344246677239138
-1.2047305534305466
-0.973323530169371
-0.582918792305227
-0.16701083210150924
0.17312337580939874
0.35707901804442593
0.5665311656904108
0.6684491623935268
0.9412946275513077
1.2195416549716156
1.5697947977215556
-1.7555395901890063
-1.5321424445159562
-1.5242624751729106
-1.626846244800041
-1.132767790602903
-0.8528070975303442
-0.4024033068547442
-0.22552322790915627
0.18924322992773993
0.27729254624105104
0.6048095892376476
0.7209055054659237
1.286779684554503
1.8188546357893456
-1.6550445707990153
-1.495490775664914
-1.5058665335684378
-1.3593345819889375
-1.1450748402701316
-0.7728319736063097
-0.4557015166732036
-0.11083336165649266
0.13228680021726708
0.4174765882071655
0.7691226194346127
1.0112102657882396
1.4543186827896397
1.845441466608108
-1.472938937920072
-1.5061951480751457
-1.3741382889047369
-1.2254746334473146
-0.9894525226470288
-0.6885827971030576
-0.33887754378647117
0.043368068232527646
0.232031774941769
0.5919082918248251
0.9119283574860239
1.307998291496442
1.567995873339166
1.853196110494418
-1.1174754084392517
-1.1455282428792561
-1.0761495101559015
-1.0266334867990452
-0.8694251244769138
-0.5522284595373823
-0.27448919335829597
-0.02150669346646835
0.2893453418548837
0.6529100740274836
1.023559477062138
1.3359228819832456
1.6014979666751474
1.9102879038787521
-0.6834139437456778
-0.6612206662253562
-0.8007590478502812
-0.9360340736845602
-0.7762134113672422
-0.4038411238798206
-0.3173686727854548
-0.1677616831753385
0.2058163522641788
0.635361985153991
0.9521516413121585
1.3572273941692043
1.6162137656907345
1.8718040953378947
-0.3744976301897133
-0.4863244050135317
-0.6496535993182696
-0.7792072275478572
-0.6910929226683107
-0.5884227634322593
-0.4541814064416022
-0.3979034257913717
-0.09269150551029176
0.3429108208052873
0.6573502818541552
1.045393764980735
1.438079963926463
1.7965012152498472
-0.044365813520004994
-0.22600168408900448
-0.46442748399753775
-0.6316649629464481
-0.6241731911296622
-0.6144122786525942
-0.6081529246615723
-0.7268121762236006
-0.35660634577967437
-0.01050282244309549
0.407193787696512
0.7911022930582141
1.3075582829703414
1.8094193232773617
0.2100734859876206
-0.16858728133300802
-0.4431709560009973
-0.6036310426453575
-0.6119402519581433
-0.665755551349759
-0.827577748707672
-0.863281149390399
-0.5416167431864949
-0.020802115250734454
0.3842479108047591
0.8457965848269604
1.2342234440448527
1.6135217790936582
