-0.839055856086369
-0.7016259152704792
-0.38021712876357805
0.0570681886745739
0.0701142415615795
0.22954500134792763
0.5781431149725638
1.1296771673394763
0.9434864019624226
0.9038998319967984
1.0359040644551611
1.2138213874612116
1.8261362997207284
2.347764115207776
-0.9832965680554965
-0.8124658938779562
-0.5336718938190734
-0.28752040865515466
-0.045142432167480366
0.10239055955771584
0.3323419625547362
0.5550502653023429
0.7742455679253146
0.8268825280201277
1.0390477518871817
1.3729443169477282
1.759980192016449
2.2096874585618913
-1.0899085521433765
-0.9415726174621099
-0.7325110059134984
-0.40973002902996625
-0.33007198079821004
0.03924719588106081
0.06887184783211144
0.10361248776828684
0.39373653787096236
0.7318409870158867
1.0045918769337359
1.3496622750913558
1.6711795955790194
1.9100003161875565
-1.111302069736785
-1.0385244961473996
-0.9172246954383394
-0.7965841006835436
-0.6897175720266867
-0.4973090738687557
-0.3989256079649452
-0.23178993518439606
0.0663920987377764
0.49442076706989047
0.7512219344554333
1.1506536485046588
1.4446475340460043
1.846221262697913
-1.1238984447762645
-1.0329798743186993
-1.0582711981492507
-1.3447769679105077
-0.9751239402748179
-0.9562480105257015
-0.6689082347241875
-0.5871584115111799
-0.16552392352700607
0.2127879817451177
0.5457949071184522
0.8296857071801164
1.3027119684384405
1.828515337741926
-1.1046340676150928
-1.1014568581571356
-1.141148949288487
-1.1639856875327474
-1.1007819510359762
-1.0489221036723813
-0.9607042517630069
-0.7997569888028603
-0.47906294246504
-0.0697149791543886
0.36162107846755887
0.7881628847035218
1.3356561163131384
1.7546789421240012
-0.9535419953278057
-1.1577678590280562
-1.1252110159586612
-1.2471507657177916
-1.169297353913309
-1.0343593873043282
-1.1815630574783995
-1.2067577066106576
-0.8466095722580426
-0.5345931983349927
0.21513906446580736
0.8073294962215409
1.284428169243526
1.7818397259230436
-0.8557482363922747
-0.9540619623961636
-1.069282298741952
-1.1246831091474825
-1.2288742668111705
-1.2512400680665354
-1.421774183797976
-1.4443897176451423
-1.1132317087986348
-0.4326110500357912
0.1398828995055923
0.7662523526308266
1.278441834306888
1.784551726157476
-0.7495207973241605
-0.7267296233449392
-0.8241182007833412
-0.9339131517430372
-1.1247929158116412
-1.4731735051399226
-1.6668619590707834
-2.1801560961702267
-1.1345689376530455
-0.38296903926230397
0.1794648000026296
0.7616612399903153
1.2505901512204705
1.7872344319794544
-0.7555380889121618
-0.7210144330408252
-0.7180431371831851
-0.7697020211245488
-0.9796286738720783
-1.2316401336689764
-1.4577930343982723
-1.3777688792392568
-0.8732000350489062
-0.2836561816209455
0.3122163840068224
0.7527494043974099
1.2356441513134246
1.6239044203467143
-0.7423569287892082
-0.7042265482011021
-0.5693247040913993
-0.4254885472260762
-0.685250079136625
-0.9987029465547088
-0.9687723276070815
-0.9592014716465137
-0.4867338138943258
-0.12453739207187332
0.4030593219502139
0.8015937110591217
1.1850750529306324
1.6024847204182955
-0.5228345090087684
-0.333755944744748
-0.32343833843352165
-0.24721878557275867
-0.4210911085666732
-0.5836734091751409
-0.6073697903959744
-0.5519833636834637
-0.198316778109213
0.3040182010260195
0.6573617141732563
1.0315049990901333
1.3270424303664687
1.5354142020670964
-0.3651326066156618
-0.01511840518495535
-0.028859160310647107
0.0469089127901885
-0.04675831237963889
-0.15194243933015583
-0.1338924454848364
-0.39230830504784614
0.23180068720247754
0.7680781736685856
1.0699048254998325
1.323197771026047
1.5521668891620017
1.7601705322687302
-0.07334345122980457
0.08360530255164865
0.12256991011113252
0.24872695007347606
0.3869716545636962
0.4696853779252778
0.47874653685152596
0.5916647592364335
0.9237850413698652
1.2066451147481856
1.359251042343704
1.561110051342718
1.7940908270776696
1.9483842173848804
