-1.4619363624147879
-1.7525704046955417
-2.0548547130121246
-2.2236096015413658
-2.2294006495381717
-2.035847810147446
-1.8648178360788332
-1.6249640324486736
-1.2113221746921627
-0.6828705197018561
-0.22863275718279494
0.07486306042876471
0.4323844504957382
0.7602998634317966
-1.0716728334696606
-1.4204154469531527
-1.782233924781707
-2.0345946662297436
-2.0316581472177018
-1.9286237947302711
-1.57516108375712
-1.3671735335303092
-1.0199795587109173
-0.6777735725345888
-0.3319916622156105
0.0547404155739638
0.27631714835393256
0.660617832793977
-0.6637412782085176
-1.0106332807533285
-1.427583100688587
-1.6890424425434793
-1.6780302510232945
-1.5428491368279715
-1.2224184424244233
-0.8862727503948029
-0.7385031916677839
-0.6859130383733646
-0.4708585990366923
-0.27113570751864025
-0.005745160725467528
0.23340881772357627
-0.26639898750820656
-0.6101755553801138
-1.1195486793794118
-1.599232173175881
-1.430288117463989
-1.3521209529128828
-0.9335585196761593
-0.43986184814852103
-0.6021479487335369
-0.6205827616773366
-0.5359031525490259
-0.5114581374566944
-0.15962448206057706
-0.00624864604812315
0.118014165462063
-0.23455869147349548
-0.6033020324842068
-0.8439466759054536
-0.9854378617103194
-1.0116481396239871
-0.7532509524104
-0.5381712221617432
-0.4495546792378483
-0.5208723484489549
-0.4480717743002274
-0.45227402249116755
-0.25893415417167226
-0.148328704951919
0.4233957331444175
0.36940585850604635
-0.022811700957130056
-0.3458755067622914
-0.5443740990007486
-0.7327081189898218
-0.7452052722971115
-0.5431829926826968
-0.5275399309116915
-0.37935551482588603
-0.3692753257755477
-0.35920573452113314
-0.24000073960522772
-0.18084796523465524
0.6675608419360268
0.5490309604793149
0.3827645443612723
0.1991100478536923
-0.13990098339867296
-0.4972108308807114
-0.7931211780618769
-0.9238583447404201
-0.7557826281917857
-0.5944592384600527
-0.31233898777976754
-0.13256837796685955
0.0577000932360299
0.0433625047589517
0.9428036546727366
0.6778052029932106
0.7132424556928388
0.9127018609930023
0.23339309081818466
-0.347905206231008
-0.8758634327379993
-1.6133483407280909
-1.002406781157177
-0.7056016788525813
-0.14076507229597976
0.3137956056176864
0.270453376742762
0.24812998237363804
1.2130763984503998
0.9832847464937727
0.9482879007901687
0.824623254966898
0.47953999708806766
-0.03211542460364122
-0.5128104631498547
-0.9275950810402069
-0.7462866355458498
-0.4798620859265885
-0.10725010872882676
0.10427603510891591
0.2172962874990607
0.31053819899051055
1.3584340717655154
1.3469814873240038
1.1954904767856207
1.0310172890012004
0.6678700852457344
0.36868601703834175
-0.09876477861295675
-0.5869886581288556
-0.42857106502112974
-0.21934909158431215
0.10750625628911205
0.1803879963601361
0.2947761334201159
0.3652576831490185
1.438118916724952
1.496676522260895
1.3792670176025652
1.1780540950648546
0.9238108960729148
0.573886351635365
0.1484426485193192
-0.15308100489106258
-0.018255531656690818
0.1960923053667794
0.4020221469060406
0.4761241902858658
0.4341363280995035
0.29840178096473746
1.5193569577986452
1.6518873666745189
1.5386333620440615
1.512691160390891
1.2074947734947008
1.0286469638560787
0.5230825708824922
-0.060160044512327364
0.3688404812458145
0.6659668006616037
0.7306810580097317
0.7985061954196125
0.5015090086568981
0.30415163011814483
1.681954811184849
1.6850825062155603
1.5796708211702406
1.4861658905729536
1.5039441552159267
1.4453837498826048
1.227631872610072
0.9949836886517714
0.9467232937680192
0.9450920821340579
0.9917958925917694
0.8767861384324139
0.6930137068101934
0.5243684680797293
1.8782825807925105
1.6408969755331368
1.6123099114698527
1.5107508728249943
1.7795462848939279
1.9263659629345669
1.9044146389391199
1.979001444697171
1.68383058563179
1.4076853962544111
1.1943721524671687
1.0807743546068598
0.8181931112552929
0.628801881173826
