-0.06752318075833348
-0.21552916247883544
-0.28327669109879566
-0.15896238690045653
-0.0392697571712274
0.1553240530879214
0.30504722727815575
0.5039509424468802
0.7035069505762294
0.7679595146760481
0.8420139642596783
0.9696898928569871
1.0311321290831992
1.0876255092040719
-0.33876414675080296
-0.42415828266274685
-0.4772173261567354
-0.33172869449458886
-0.1162968421684356
0.18314259263305718
0.4592436581309134
0.6598556916946243
0.7969236127624477
0.9322478597841016
0.9936294941959057
1.0766769492101007
1.1573254336809875
1.1878601593262494
-0.6104779620675973
-0.6707737625542719
-0.7605471683579915
-0.45361738969262944
-0.18491349696015655
0.21098028735698282
0.6943734839103575
0.7637087261010299
0.9443200334872175
1.051715667977081
1.1360912414548396
1.2412657568184953
1.32677453014591
1.3147086834357196
-0.864736766931861
-0.7880455926520977
-0.674788528755673
-0.46873326372962537
-0.16311376374005968
0.1920770889808705
0.5692861635322302
0.7789743152307549
0.9452715259970761
1.1036130231845187
1.232298627491209
1.3385220704870913
1.4614939492684715
1.4870924854116463
-1.0933949277959476
-0.8812297469517189
-0.6425421683046415
-0.43296821832221283
-0.205295020389629
0.15833543107976664
0.534098780808591
0.7624301634473836
0.982801565084626
1.1955264723562247
1.3954894785718732
1.4518126189794562
1.6016504430971312
1.6314637937419605
-1.2833728781538567
-1.057748111661954
-0.8139407740181922
-0.5063246347915152
-0.17815534912013645
0.20269586631810202
0.5575225955915576
0.7613529624405656
0.986919823291113
1.232923564156817
1.450261238316187
1.5435198788315758
1.6631325799904646
1.778443307000698
-1.4765638604527462
-1.2365470142604658
-0.9886560419022039
-0.625054895777071
-0.19357124297239026
0.1896485573144957
0.7102966460541328
0.7302922951582747
0.8729903231578606
1.1796286092143748
1.6178562134142764
1.5293209616346846
1.6276193532028196
1.7669860065947653
-1.6263884246882754
-1.3327813154680597
-1.0449715506242658
-0.7156761323372484
-0.3851818614116893
-0.05574570606353553
0.31219846279436253
0.5377286677075799
0.755273435810386
1.017578686785541
1.2510260116952063
1.3637821743795058
1.404727192526039
1.5702444512252858
-1.704903001636502
-1.4115984271692283
-1.068239742781044
-0.8308222589522837
-0.6728782570503617
-0.30365039470980737
0.034467821196216865
0.23601260805902316
0.5242540243607531
0.7488934209171803
1.025957374007971
1.0512838859100788
1.1225755271811602
1.2531571021868888
-1.7843727168624337
-1.474963985308482
-1.176378620357503
-0.9677273147365945
-0.7737303371781241
-0.5669415464472572
-0.32952539386482654
-0.09762681265749462
0.1426667344263267
0.428721055550233
0.654211217714919
0.7782003497993865
0.8146420774318102
0.8959615235369144
-1.9843146630937483
-1.624870014954876
-1.249880231475684
-1.0653530993293123
-0.8954300439320497
-0.7811828808830458
-0.7610540744733146
-0.4381032196639585
-0.22847227236873735
0.10920383106248535
0.42168934583339057
0.5144010626896772
0.5096797682251133
0.612554975643136
-2.0226352454395595
-1.7685402373049117
-1.4807556870525715
-1.253203612947768
-1.092836523397355
-0.9910763578740975
-0.8652192515878953
-0.6512935549461237
-0.4158894647150808
-0.17043089062551703
0.07684934752451181
0.23965042140059073
0.380044379559856
0.4488119314014683
-2.0975830128803654
-1.8530873231362512
-1.681940813027984
-1.4392022223717325
-1.2399269137795568
-1.1327730035808579
-0.9774133107924139
-0.8032921192241435
-0.6383101242614114
-0.3869643957473641
-0.1969075705954668
0.054198526034137044
0.30898073447541985
0.37154817286578495
-2.143251222579578
-1.939476346041661
-1.720080178751911
-1.5438841235573217
-1.4087670993100483
-1.3302207219119848
-1.1726833990845063
-0.9674102320369756
-0.7748962251456057
-0.5573337838462936
-0.3466769480440015
-0.0665891841054182
0.17135965775096418
0.327875667462972
