-0.5991234501982915
-0.25840544565472406
-0.03780127470104046
0.027826696843066257
-0.07383613788108852
-0.213765557252545
-0.35360092702699364
-0.5533500358990475
-0.7861100341706632
-1.0258247068309132
-1.2446505017054468
-1.3626992741587947
-1.4900835208389491
-1.6069076680048813
-0.4935194501881389
-0.1859719779349589
-0.05060883391047079
0.026676376663228817
0.01106118118599513
-0.15262350220589133
-0.26300472507328454
-0.5157284718339644
-0.8259610049568679
-1.067409350998637
-1.2648121109091257
-1.4228792804808217
-1.671355679156363
-1.7313935828809102
-0.3655431417058365
-0.07844900150036688
0.15437264146037957
0.24386152226830538
0.14273665593289941
-0.020914452941845574
-0.23393714569167703
-0.4175751364024798
-0.7359798733776074
-1.0261060821295112
-1.300476436213822
-1.5056760201836867
-1.7035816729378381
-1.8264754448878553
-0.27746800782457626
0.11111672301185076
0.6396969769152241
0.40130600281041784
0.2964860647512164
0.10254342991346903
-0.1356335983458586
-0.3093424787555559
-0.5785587216299952
-0.9505348839662314
-1.4588730223433617
-1.5917164074597896
-1.7459523477083434
-1.8807495992919576
-0.10825282874028884
0.19403278988522812
0.4059916093558255
0.45582412025636854
0.3660761580510877
0.28879185619460845
0.12054845665708477
-0.0739833410806109
-0.4465205834246561
-0.8689725682066383
-1.2482060641673178
-1.5556470249718886
-1.7917023836704344
-1.927051936091181
-0.022929177933047506
0.20030421278100993
0.43918899726753186
0.4629828743180169
0.5107039169578675
0.5411441941642192
0.5456739416823414
0.21064094101198916
-0.20639696474664332
-0.7215966453010814
-1.2156560080146117
-1.53949003148992
-1.8896906539622236
-1.9945958404503024
0.20793386823132246
0.2704534533538239
0.3426117641986988
0.5417670143763457
0.707946416133609
0.9471979892435669
0.970355654800382
0.6030367773183207
0.014704463815775832
-0.5558091124033784
-1.070468451065714
-1.4365051695552609
-1.790791503067716
-2.0475963397847665
0.41897243510867027
0.3412034770901484
0.22945625730674482
0.6261687671431805
0.9458702205673711
1.1512377070354067
1.6768325830845545
0.8775065677552912
0.2577732465767474
-0.37650531300121404
-0.9949481279782069
-1.2690230204262558
-1.7447330263424663
-2.0651252504708815
0.6608738993396718
0.5635807970776231
0.5935898225842312
0.7590379642282536
0.9813634565743519
1.1667737615705398
1.1825418430935377
0.836827332710431
0.34265197824393745
-0.1318814890179502
-0.5716507494705487
-0.9859641803583342
-1.4142891664431805
-1.83267498804237
0.9316476707174606
0.8244120559757844
0.7282156602312039
0.8971901581799779
1.0415598320811545
1.1017867473285583
1.0924618798337848
0.7975665009315286
0.42627823435087375
0.07264545725947953
-0.20510063153832492
-0.6813057810692374
-1.05800611848389
-1.4690183179690888
1.291223438215686
1.1384793808657545
1.0920309119469773
1.0764587468911366
1.1328915137764826
1.2016618925388403
1.0816703246786294
0.8817905325334633
0.6222240141033504
0.3414146865740852
0.008291322720976031
-0.4068089595080906
-0.8499959939670042
-1.245052933950568
1.5831975393911764
1.3749314755801882
1.2942433534598925
1.2834559404972818
1.3355779809167585
1.2434229755215231
1.2288599628440577
0.9752436206067114
0.7273271765544992
0.5280642703395663
0.34405288392879474
-0.2080550906917692
-0.702263947063422
-1.0189916533738617
1.7865967638067164
1.5855161419502124
1.4682847864728066
1.3716933943682892
1.3519172826027535
1.2798055124740706
1.2035823692836698
1.051074977152287
0.8312591662373837
0.6465470623365209
0.3391486799120618
-0.06773886940478313
-0.5288437540860214
-0.8664846089006758
2.004985869284765
1.718670503088367
1.4797972360280527
1.396799877012549
1.3846150434349869
1.3087510400273377
1.294582342717309
1.1112955861767742
1.009072030361694
0.7408213449924459
0.5360311616086796
0.02339083229559504
-0.3693910938740257
-0.7716893301918504
