0.3619313407168481
0.059768361679943205
-0.29349457056430417
-0.6031265072166817
-0.9951670163757254
-1.346017816467312
-1.6166114467792083
-1.7851752103441125
-1.7359423759512205
-1.6441255735731424
-1.4877835741549719
-1.4994956453592292
-1.4872936134188746
-1.504173322455623
0.6068934369733352
0.3615991985506711
0.06704595893198612
-0.33351447288655794
-0.8000461971413053
-1.1600386259792923
-1.4288016756241468
-1.520663283685982
-1.5213498246503
-1.5003070517140331
-1.397781841351887
-1.3538548995309259
-1.3183637521133216
-1.2914693964153638
0.8409770609634184
0.6777802803112065
0.4645651695940875
-0.08572931362230153
-0.6118021602549136
-1.0078991553900893
-1.3850142996206003
-1.3960299805513385
-1.452801256434952
-1.3559288472367272
-1.2569354701829163
-1.2112749266594185
-1.2368555534101564
-1.1142610324628794
1.2185748823536242
0.9375811808265996
0.5959289801652671
0.05107258237471695
-0.47555811231165546
-0.8609049419333733
-1.1291019602555932
-1.231467028641136
-1.2210970111332768
-1.2174123872362534
-1.1416661607466605
-1.0840628818787217
-0.9819791493620844
-0.8652003730768267
1.5775924389905156
1.14938406024338
0.812837141384167
0.23995038800949944
-0.3657635673901137
-0.6885364825819972
-0.9661397417319001
-1.0491964334887012
-1.0697066086548597
-1.109551216294591
-1.083156701781344
-0.910455092323286
-0.7239075708478596
-0.724079854954602
1.7266825896390225
1.376122349037161
0.9837782350154713
0.43477104251658044
-0.11843162637398798
-0.6057845299705616
-0.9548258513972195
-1.045921982710937
-0.9641421421776419
-0.953600427473847
-0.8693814811961791
-0.7854952711843892
-0.6943913180763382
-0.6078643410801832
1.9010939452196902
1.5200321770698593
1.225765979107217
0.6373700927957524
0.06494906060708064
-0.4772369495305192
-1.2708775267557384
-0.9730699818887081
-0.80523705906768
-0.7676603134296631
-0.7400976175347723
-0.6933544239338747
-0.6721092229499558
-0.5186835233142874
1.8892813555544363
1.537578952789385
1.1344368619660263
0.7403089951754942
0.23186649877518398
-0.21174079059916953
-0.5462672104467802
-0.666626421059094
-0.5994516828924537
-0.6106957759931486
-0.5906612573462213
-0.5315774351698
-0.4407529244529444
-0.37112985081233574
1.9130545059552424
1.5318667800323453
1.1557678777390457
0.8516932513848433
0.4276569865520455
0.14040644210305483
-0.13719848481142763
-0.296861673818413
-0.3469033219214979
-0.43449055891759947
-0.4543399505174178
-0.3471115731334381
-0.24074211979078305
-0.24318982006970974
1.6472210885827205
1.4940668542084328
1.309450203678098
1.0521512966148374
0.709408482332571
0.4343358699035227
0.18094990171241815
0.024082131001430047
-0.11335081686433642
-0.23608520837682448
-0.3206374221456504
-0.2565693309709639
-0.12961871731105085
-0.0512700477215499
1.4731447379649825
1.4907218861416875
1.492486987660102
1.2115751176436107
1.0429065058975864
0.7088544628065905
0.41917939206395854
0.308440871196817
0.08334923401546042
-0.052211151490210425
-0.3443241340352946
-0.12480987133152614
0.04066171374336536
0.06629459315796885
1.4174647728677316
1.4047376082638259
1.4159306503314681
1.328534628314047
1.1430919937256943
0.9906251980525853
0.8126054143814042
0.671069410209986
0.48660153730253236
0.204853184810792
0.032554871130911135
0.017721189056425772
0.05121626142584019
0.09747945987876927
1.2640312687663127
1.3891467307986334
1.4384988099347666
1.4131932704777024
1.3198838672255848
1.2991737357253919
1.2903453515920789
1.1128128570199194
0.9023973281628239
0.5687681606835824
0.2581967187380299
0.14678247154151366
0.0654853224494644
0.02962746345718783
1.2972509784170965
1.324243818253912
1.3581609421618699
1.4404179409745759
1.5015316265734397
1.6769740421628159
1.6978386081905077
1.4782161022809737
1.0923880360707159
0.8349881192553453
0.5589431757595539
0.3202289303891981
0.10799796847558481
-0.04440148847014035
