0.9776761888492996
0.8575862004561914
0.7774984948984174
0.7069117426894236
0.4208763361413844
0.2336203752567877
0.2923894083770565
0.34452066515685204
0.496164888882099
0.7494390730996429
1.0326295854182501
1.2151887522846447
1.550226621277284
1.975891450267737
1.2786355137360146
1.276773308410415
1.2495769772546714
1.1406692389661135
0.7980637742115492
0.5052040984948112
0.47988979051739644
0.45398180464406906
0.6740567297983339
0.8572441970009331
1.0419859740665545
1.2626904815064284
1.3869606598909932
1.4941723615557299
1.549335993399497
1.5672318232557059
1.5421809806577065
1.7616303468081702
1.0548943137428686
0.6718006389372764
0.506705069382948
0.4960313415800227
0.6341685522595191
0.9523241953526621
1.0342937384365964
1.3987280282586607
1.1297808557102378
0.9810188645319321
1.7694003712732427
1.7121758265883327
1.6734149992371024
1.4809317040661802
1.024917883506329
0.6297419011584735
0.5148653519783161
0.5401655519536819
0.5994385694683
0.7299357220341594
0.77884290017264
0.7773726184403362
0.5944658645915827
0.4316419285594257
1.802512948409231
1.777337089043003
1.4958036723771688
1.3650087714370875
0.8173563279794089
0.3766805734700516
0.3966818301284858
0.3908414764396164
0.3343009085283394
0.38028646618524126
0.3708090191183762
0.19689447748904426
0.14699333043103754
-0.10314781617068527
1.7146407426205792
1.467508990495616
1.188084634378982
0.9242427569507585
0.5667087125887447
0.33140902317588283
0.1500497437783947
0.05156234122388905
-0.044351684765924285
-0.0504448650292714
-0.09195648374968217
-0.21414074895280363
-0.2985051593325025
-0.4555898481177296
1.6101785354806573
1.0547946287335486
0.7879160268727338
0.57619180600613
0.3284583645658816
0.15669481253394907
-0.11297698038019595
-0.37265741001371566
-0.3428569981993201
-0.35995597295029397
-0.3886689410569294
-0.6000822503112108
-0.5727430228433051
-0.6906701721917891
1.2328772624806017
0.7181273562278677
0.3957659204556216
0.1794271785321624
0.008685447132949421
-0.19962515464163397
-0.3535399424579261
-0.33140121785705384
-0.4473886473794378
-0.415192487078433
-0.4223530244150295
-0.5726441078134813
-0.6072106220848296
-0.756273931137092
0.7993199784002698
0.42877248351832437
0.01434399338548258
-0.3440355069468141
-0.46618395291540893
-0.5788705838145298
-0.5516002760614342
-0.3866360682049249
-0.4707685452595037
-0.5321346621430972
-0.45790041766661915
-0.4185885631957071
-0.5015025465727122
-0.6482919144015494
0.5116841842462865
0.0036287210036731418
-0.6514303390337232
-1.0778501398614506
-1.0626686119591169
-0.8941293255756078
-0.6617031276416669
-0.5491584368776612
-0.5506894068306902
-0.5427399279270599
-0.6112927341712779
-0.6278532813097103
-0.5297930959140762
-0.36336737862666724
0.13319353658091848
-0.43509713388432975
-1.0898770508852558
-2.146480847517182
-1.4933329744623491
-1.113636731189871
-0.9448260227978134
-0.7749726980124712
-0.7408040196203073
-0.58364283647783
-0.7868345140206012
-0.9458507198083487
-0.3551619844167807
0.05131532412227678
-0.3350291433736386
-0.8531068936574727
-1.319206767956637
-1.6636706495756144
-1.6961710897556437
-1.5244866175968064
-1.3616954434951374
-1.2955930526989519
-1.054824711257381
-0.9038255702828882
-0.7697104711874727
-0.5642606949520532
-0.17846738770839335
0.33303559308293096
-0.7840702615106104
-1.2012150675760354
-1.3839660468243504
-1.5707862584621828
-1.734823398553693
-1.9503924226055767
-1.8572423107300866
-1.8387712123116917
-1.528579585453486
-1.2070176229171163
-0.699753477956079
-0.3778874473879459
0.17117135876879072
0.7329402764346141
-1.0400126295293604
-1.2628277924865663
-1.411667871809206
-1.5225093557963374
-1.7943647277800954
-2.109871965231889
-2.5005249408862023
-2.675282344480273
-2.1835316487491787
-1.4259852614261803
-0.6762621574146396
0.017236537436341383
0.452358683604405
0.939685692004923
