-1.704958497718223
-1.1362905229975349
-0.4476560583956935
0.1583298583358248
0.7738012121198056
1.235592622572723
1.704028335720299
1.573607518128801
1.327426317349542
1.1630758510838053
1.0482817252243424
1.015284116521945
1.134794711755406
1.1891479117948163
-1.5488696441506955
-1.1895994212514627
-0.6833531218507436
-0.08096803159167229
0.4285454670932375
0.9440952364440303
1.226568382356369
1.2301420572611526
0.9486493503839412
0.6426425382236626
0.48814880675969574
0.4679967755316051
0.6234463456775929
0.650546064903603
-1.546401200246101
-1.225781252970806
-0.9178572525749141
-0.3795070666037754
0.15560571039526028
0.6431474639819513
1.1878548544522367
0.9003813281249636
0.5619777168689276
0.23111193771445987
-0.2584652906459702
-0.03112094038260324
0.10871251935620586
-0.012266481290413894
-1.6762611959410192
-1.3941176130100477
-0.9782182275193648
-0.5786387310528871
-0.11610291751986133
0.26884208469360826
0.4670893201872846
0.4942937826609354
0.2882238540369046
-0.0038283146889886172
-0.2056096372493279
-0.3429840117667584
-0.459317356752061
-0.6354762032639409
-1.851577509299942
-1.4537577630800798
-1.1593567148382393
-0.698453048903449
-0.3485903417371555
-0.059653163401991054
0.06969542187690886
0.12077589883775956
0.007598534474768116
-0.08136595809302814
-0.23811674883990994
-0.607731472673534
-1.0900653977851673
-1.2526661507063073
-1.8286166953239806
-1.485863249050924
-1.142611160620653
-0.7881669035142885
-0.47544840994820436
-0.1790453086162371
-0.06293959959895215
-0.046399963479259655
-0.043530726229999844
-0.12463814844348717
-0.33647418988630884
-0.7882054731192417
-1.3383632031511539
-1.8993750434507912
-1.8923411871584157
-1.4643493777126233
-1.1885030227414244
-0.785581424224104
-0.5195036200695675
-0.2515870409495593
-0.016457068112127445
-0.08632262672244069
-0.1308550902381473
-0.0797767277501367
-0.09927194249226758
-0.8411025168571711
-1.634333455112676
-2.2673508932636133
-1.4879776340969562
-1.2186075730052945
-0.9071974631087902
-0.5939624717281473
-0.35301716005723655
-0.15045425142954733
-0.03999158127761476
-0.004275500450056397
-0.07663119877781424
-0.08189861942984934
-0.32103933763513565
-0.7867113887283784
-1.3756209568265299
-2.00454505067923
-1.1171871413469625
-0.8713753009518237
-0.6478822102680744
-0.34879310305853295
-0.17319823429867906
0.082333823999346
0.11727456397824067
0.09634000790368197
0.04310833825658284
-0.12060196743042209
-0.2589515903072464
-0.6578233764040399
-1.1338585326330042
-1.4784417233646612
-0.5904213097751911
-0.3851224400151499
-0.114382936193802
0.09806344613108817
0.257410967067473
0.3835633284967167
0.4544275900940202
0.3771665458405598
0.1964294540612694
-0.04279083120796295
-0.36562481341891645
-0.5927864006990118
-0.8423180397659787
-1.046175786056469
-0.11970639047011582
0.16606168873278743
0.36054085814138404
0.5480667558771206
0.7648865229241566
0.8384959391624408
0.7987309491474957
0.6784840365766914
0.5371404729713586
0.046340567435186594
-0.47993191035206234
-0.5108102913397766
-0.5933718167319011
-0.7898746006503297
0.4050203602957656
0.6477992512209616
0.9347371070526619
1.1169157962749596
1.3307858563052848
1.4067049423117497
1.2806774654900497
1.134767121099444
0.7803544877951777
0.27835936774407655
-0.2099571834920282
-0.44327614667666565
-0.6171963335026501
-0.7238227185667958
0.9320128558498391
1.1792461715081584
1.464939396030697
1.679834115046081
1.9845733534585637
1.9964359041734219
1.9156718080572743
1.6428469464118387
1.2734477562413435
0.6168511128899826
-0.07175589070626462
-0.43160366072517664
-0.7075099635913805
-0.7727781988332066
1.3363706934236845
1.6509955598343036
1.9771913010069162
2.261075239830183
2.5082448768139374
2.8249817612733543
2.8578369426562054
2.3513550592006762
1.59533372804314
0.8836859605156382
0.15111141776214393
-0.3594193637608459
-0.6318038355474953
-0.8800096473148117
