-0.03888854400182804
-1.312370884062155
-0.24454746645787231
0.8509602943119247
-0.036055474093866564
1.203873632212236
-0.15305783502772335
0.4832215709144153
-0.04183582006053391
-0.015851514775008863
-0.1429247288622933
0.9502864909465796
-0.046569275523567065
1.2332847917274026
-0.7376462170852387
-1.0141321565721662
-1.1326955766311528
-0.7572460647378335
1.6322966303090054
-0.10850915035727268
-0.8648440476376583
-0.7603325289826444
1.3667975321368855
-1.3836004689816763
1.0902151617498543
0.01914222824604777
-1.413365881957173
1.440289527021288
0.018333678147530265
-0.14021151896509584
0.05098380091588854
-0.3765253142196512
-0.21416621175731318
-0.5112498681857384
-0.32891483242855396
-0.5268227082898234
0.11680666306822467
-0.4643324711753361
-0.2891767467474644
0.09088333455546588
-0.39450493806330567
-1.8894077909052185
1.8125801045512089
-0.09947803222538741
-0.8028334840792982
1.0558188457225632
-0.10929195961306969
-0.23668324121115003
-1.1618646562731452
0.21614671325591756
0.9068699686146311
-0.7986570002632897
-2.437495610212835
-0.6714470919116067
-0.10390739377264158
-0.88767930682687
-0.012419781273092022
0.15216549398434143
-0.20781675261086135
-1.7419971939725727
-0.007938067959555437
1.424409552524726
0.04480505306561659
1.887361676751745
-0.05195823119420513
2.032565459956839
-0.2096241411749935
-0.09376689726475121
-0.0196057715707421
-0.3777535892197087
-1.9646354753498048
-0.8469160013581131
-0.8282635091379932
0.5196199543185367
-2.236868481052602
-1.0794121220296071
1.7907247415225596
0.7334513249210617
0.33975748488571206
1.0024893128596442
0.08276744603648693
-0.8499448970920576
-0.16033243340800346
0.18305010893346668
0.015374288826227546
-0.5749670845738193
0.10237139639213112
-1.5783489044609098
-0.023933142075374413
-1.4555238886236186
-0.2591066004232428
0.913206030917958
-0.0840724497693133
0.733980118390631
0.15414399703649082
1.3033765750218709
-0.018578722433914212
-1.9044345322277216
-0.38584201642544896
-0.5267708465161576
1.827923288746194
0.48028002304048056
1.9756830651604018
1.9174057585352071
0.7246279299008636
-1.4510319558527676
0.28935340959876377
0.29530907927225813
0.3449526518869449
0.03000287957340212
0.14729882210724832
-1.209804309479585
-0.03956902947323179
-0.6205112784235849
0.08998795610819213
0.223654403811397
-0.0022996572633307436
0.7118438745261494
-0.17972556902754735
0.6223162662250774
-0.043738031057798554
-0.3280252691152252
0.14718128106892683
2.1948124481601816
-0.04456600005642966
1.017058545315431
0.29894575163816395
1.9225708314578822
1.69386552466958
-0.4415621267906889
-1.8658632424305395
-1.7853142230465182
-1.091644127484718
-1.9024534079434339
-0.6676453042369367
0.4173181345748893
-1.3929881519398344
1.9947425002407115
1.1259275696664286
1.4708795423390608
-0.0890501044336167
-1.1350250094254075
0.09164701088516648
-0.18523174762325148
0.0773952641586543
2.080350178975167
0.19470124722506243
1.0611866316534775
-0.14260781000008663
-0.05620543793763439
-0.10482860352080992
1.481630534311991
0.12463396744908235
-1.4077073825447057
-1.9333911464189912
0.6122865955824469
-2.0273903141594
-0.7444835349646561
-0.1850108463522371
1.4167245198929732
1.5596989404210633
-1.2800036876099123
-0.9041197034653295
0.8968521977709336
0.7635976143113803
-0.0468098532263085
1.5792040751762109
1.2725227762898574
0.006616467909778809
-1.6555319942562379
-0.0833579475041727
0.06983976357657516
-0.017150036298104597
0.2970714299818341
-0.27738018330866226
0.7930290491433197
-0.06633189909413963
0.3435159149140313
-0.10760756680099337
1.5740541723475792
-0.06935628645325796
2.3279854520894023
-0.03843850253622172
0.4347440893944224
0.2601627621059421
-1.941956319832509
1.3025640079813017
0.380388520412138
-1.492134425791437
-2.175811099535311
-0.9528799694311012
0.9107060127682718
0.04081671774637019
-0.34504761155729297
0.6737248549851191
0.13554276200009213
