1.5725624463880017
1.4881096154635023
1.491561214990486
1.7308023198187663
2.040540626171665
2.3472437698389665
2.526254486426101
2.1593227551199456
1.5717299934125915
1.0364640220819823
0.45166116261108186
-0.08727048363991007
-0.5711029438729193
-1.0901105572321315
1.4350266226430395
1.4218700892581513
1.5173492621405957
1.6343035606109668
1.8112449761379183
1.87400141664286
1.923844045244107
1.6658489597900177
1.3620070730994498
0.9427179139133316
0.3928256436373943
-0.06978808696476822
-0.559069293262996
-1.080824376974806
1.0967670389694564
1.185932784622852
1.2446381485769986
1.395728046104218
1.4285298454577982
1.384836709381939
1.2699541442204403
1.1901902638379456
0.9544610020169169
0.7938084413328742
0.47559764874505905
0.03696919822838329
-0.5945036514742652
-1.2134768399080216
0.785588612510336
0.8910296989823643
0.9660036295134047
1.0438912736999166
1.1247261603631702
0.9631621093195262
0.6939290856285364
0.753603426341588
0.6558471467990876
0.694414468853602
0.8725940131011167
0.0010226949633480307
-0.587611457931941
-1.446438598326577
0.8233058917119034
0.7664130519968686
0.7556657979883961
0.8104543444402276
0.7776901101872543
0.7528719830359898
0.6287856944118376
0.5185782592191852
0.5054453967603674
0.6025474412488013
0.4365585044574889
-0.17030090590727556
-0.8662966071347326
-1.5385872557714426
0.8722946004172913
0.7368832851451462
0.5375525677328468
0.5736183309472164
0.5809819133843307
0.5466934774177141
0.471501999315667
0.49207577949523096
0.4250911932458528
0.36831426977287274
0.28997261032419047
-0.37587267172317573
-1.087161604228023
-1.693271329345095
0.7875180726192232
0.6110141096726871
0.43374269087696216
0.41086997709638023
0.3980606295720397
0.4109808294683621
0.4718265440662954
0.4289344279563743
0.365016023414979
0.25365281588179445
-0.02008207871189329
-0.602614790367457
-1.3036559522859303
-2.0602272088027864
0.7170436175895006
0.45668172387737144
0.2757693019314138
0.2599500119558421
0.1171193237680269
0.2521269788922044
0.49118500491860523
0.28621942773454484
0.31089849914969214
0.10873966645220028
0.1430819002175719
-0.8206584877654282
-1.6441845864360214
-2.392986142890295
0.6162153641389085
0.30292328231079574
0.14882361353209203
0.05354594443413715
-0.031232543417366657
-0.08082531566504104
-0.02447166713283473
-0.07214596013349032
-0.1518862734350591
-0.20459769351133106
-0.49417384187117946
-0.9948998176319681
-1.6399313878713775
-2.29747421427245
0.3882570533449367
0.2202500874332513
-0.02635682725671918
-0.11036985410144684
-0.3084156226072773
-0.31795022517573307
-0.4858936221048311
-0.3863089391104073
-0.525609098128889
-0.6240011069829472
-0.7692482297939942
-1.2592685576214493
-1.7505598703187097
-2.086843660606724
0.26178019312376055
0.04317446126078855
-0.21082487695608046
-0.31158009388127195
-0.3439294417928891
-0.4616215714919374
-0.5205664732113131
-0.6278613195372642
-0.6767625293462916
-0.8034730965368692
-1.0334431602596235
-1.333888863015384
-1.6413468589595281
-1.874822308715797
0.15621313063653205
-0.06090248494703916
-0.5212587202017178
-0.43581316075233917
-0.45527966077169835
-0.6449109857221422
-0.6623299593895942
-0.708431802450776
-0.7200984866440543
-0.9820437021272166
-1.1852661166301972
-1.310303201743191
-1.466293236388985
-1.8067123181544498
0.30963124454818297
-0.004895524603375619
-0.26263778657701564
-0.4824881644257079
-0.7045522992254931
-0.8516432343566238
-0.9680180763673144
-0.9879594638752265
-0.9944189865937361
-1.0374332180606234
-1.100263783738782
-1.172149391991005
-1.3155902062173737
-1.597451727487121
0.5718362498084082
0.23954202740855676
-0.05059317651830148
-0.5132062087236708
-0.8670923661080067
-1.1325437294026952
-1.3733244299389615
-1.3413109831954544
-1.270597085416365
-1.1074579272123843
-0.9053235445827045
-1.0185974876681976
-1.1956003503833978
-1.3029644767546142
