-1.5814659341256398
-1.612088393080604
-1.6988122789997149
-1.780266967798598
-1.9435317730118924
-2.080993714037516
-2.1474102167739595
-1.8781961556852926
-1.425766639674234
-0.8841403980144688
-0.231468436680377
0.4361278106262301
1.1626103357200788
1.9925665156734418
-1.305672431297371
-1.4214476784169696
-1.4991976223968606
-1.5793152871672156
-1.656629236484051
-1.734299658191008
-1.7681052680147935
-1.577908855353022
-1.284068251774604
-0.7536687274359667
-0.16934960645581976
0.3687467410395743
0.9567741860851837
1.5266034956569787
-0.9290537624580594
-1.1887855542087442
-1.3981237461878497
-1.4490405701688112
-1.4177589797958468
-1.4459315148518348
-1.4177788345444668
-1.3011398790308384
-1.0834470227015254
-0.7284439024660438
-0.3570537632376113
0.13266255608830915
0.6661891021557506
1.2075987229715135
-0.560150077996107
-0.8717592747767526
-1.4415230637320136
-1.182650241017901
-1.169169964862989
-1.1855314619901878
-1.1691850857358874
-1.0455667608548418
-0.9203505572612029
-0.7342802100333117
-0.5457933572285053
-0.05593240982679329
0.3642697513467055
0.8255858346425206
-0.04698577773395183
-0.41793737376101375
-0.7132207337335243
-0.7717345971309929
-0.8093768223181542
-0.8738047101560854
-0.904544201528933
-0.792783636698943
-0.7471476443364261
-0.6481749959089613
-0.5625287819600511
-0.2784178510488314
0.012444424471786219
0.28856620176654724
0.42790107963201857
0.0711441003450388
-0.17218901343770715
-0.3341670433227168
-0.43520270993132715
-0.5521636124512053
-0.6708111726785507
-0.56909132721919
-0.5060759423354908
-0.587288106254361
-0.6512338301286928
-0.47687750867362627
-0.3983880922701956
-0.2779107599989975
0.7055827271918972
0.4199607439853701
0.16451453257595391
0.05593594799072936
-0.09958841215575852
-0.21817125994775327
-0.3473467057874918
-0.4391355732715469
-0.4358199544083439
-0.561027454991117
-0.7086472563347506
-0.6869279185627808
-0.69817871884694
-0.740941057652545
0.8768798459431729
0.666292522567678
0.48534508984318997
0.3401314188071555
0.21330696771528204
0.09371251493147656
-0.09176906073522854
-0.1835983347920845
-0.3606897674924534
-0.4558668198913224
-0.8231634578030643
-0.7602964676585381
-0.9461761892518966
-1.0266013775196816
0.8895491901933421
0.7508821181627794
0.680569499362597
0.5832187687951406
0.5066447591405188
0.3651752866480916
0.2712849272576184
0.1622844631758438
-0.032815797362836366
-0.19960330268206536
-0.39747753441895706
-0.5534385208311764
-0.7123476190607873
-0.879170772911194
0.7946963419235544
0.7670577680117409
0.7913201905639106
0.7511344359184883
0.7542129769701288
0.723297797110742
0.6707041134026224
0.519947682929317
0.36160671264392563
0.1451075144595861
0.011305718322362096
-0.19831225743352218
-0.4615376219175303
-0.5679938266862347
0.6377818387995717
0.7189143574414966
0.7559380583542646
0.8796458092267776
0.9489445573544695
1.0608177664355398
1.0809553046329345
0.9162228307254491
0.7360998733091287
0.5309047799433341
0.35726880327707095
0.24271556320600676
0.03636764959849812
-0.14231298293048353
0.49725120470143097
0.5600607394723655
0.6785487815458914
0.9252220714723355
1.22085403303605
1.3970536960218567
1.607532146349559
1.3221051403091184
1.0716239708180126
0.9575513566020807
0.7202416696930829
0.6891396234262316
0.5916677400127229
0.3198384027478433
0.1964098185940923
0.43460642434395363
0.6821462055187512
1.0186577475898342
1.396451608560216
1.680823132587109
1.8313472396768176
1.7153505966411042
1.5681304450673734
1.4057508390902043
1.2857501911264388
1.1855307070153798
1.039311103196192
0.8212076972275468
-0.19363758138396228
0.210808715756583
0.6931145901876373
1.08559962831476
1.5696053460899648
1.9183003868177404
2.219204356436496
2.1207934679683604
2.0417626495373
1.928213661013012
1.8700703505649465
1.617580454273958
1.4778466020443808
1.2958082070589445
