-0.328888302076115
-0.05353345037999694
0.31287569947682264
0.7591085587300284
1.0991926729387185
1.3977944606287747
1.6602466147426562
2.0650342489297198
2.40029450707097
2.477026352515355
2.5041995433752455
2.574503261171392
2.6665456570190558
2.666062987059363
-0.09359151331032893
0.06069108834460838
0.3125073941584295
0.5930221526076271
0.9715615578739798
1.143114158299471
1.3993179475450366
1.7183848348732853
1.9566698143939054
2.083562252183602
2.230672349317804
2.233559814914479
2.2660680038590986
2.3047302071591056
-0.020461314300634543
0.03675931024988455
0.21237761050621942
0.40826868113724357
0.6620362172036706
0.897179388273011
1.1066900714786527
1.363639324166645
1.5814709765609425
1.7099805063496027
1.778457061736026
1.8989595712685319
1.9767872964407645
2.005521617727964
-0.0598384422116399
-0.04998587822866135
0.03140877197566131
0.19183187015961434
0.3485741012978223
0.5376700204398359
0.7860609353198449
1.0047742935330766
1.3893271519535189
1.2870104084593739
1.3447593380960703
1.495978147380833
1.7163545356768661
1.6891746645165426
-0.2666568638134829
-0.25445718677960205
-0.16165730662338346
-0.043921657520053524
0.07606337633895678
0.21585938141406827
0.34969191998842797
0.4995375213770594
0.6849728070820241
0.786624980264463
0.8727761233481157
1.00581203802663
1.1467525701078232
1.296618650670231
-0.5516275836218164
-0.4921529899770302
-0.4537382820162272
-0.2927776182210252
-0.15159506934865463
-0.12922172748508998
-0.13846696384906682
-0.07414192909342375
0.011822824685528269
0.16962247162944605
0.3357370695780029
0.4997177076432891
0.6533357838875476
0.9260713147702148
-0.7906631790306968
-0.7130696535101739
-0.5509760404988909
-0.4468949535798127
-0.4231325670745056
-0.41951203076325455
-0.5203886076991034
-0.7083960740282306
-0.7469943736146851
-0.5274343648692764
-0.23542558341317651
0.008051639251995122
0.19592201755056263
0.5115655796374531
-1.100904762806444
-0.815119691434253
-0.6644040164724417
-0.5980000553659247
-0.5781546694286885
-0.6851156353066591
-0.8735930107885947
-1.139323304152923
-1.8131235168105693
-1.0253898014181164
-0.7092329284788667
-0.40290930039439776
-0.33773717654674223
0.15783488676689628
-0.936088929245488
-0.8521581954343235
-0.7298382645022706
-0.6684415869018558
-0.7149018367291406
-0.8108607522189963
-0.9838229646938629
-1.2004568166357417
-1.299905877393166
-1.1492433173147918
-0.8853238516088813
-0.6509748713692974
-0.3672225050117708
-0.04214515366973158
-0.88614168243723
-0.7997556937310184
-0.7077707442022043
-0.7119189889563404
-0.7489155304851217
-0.8602400050962692
-0.9923593428675536
-1.0681959034007644
-1.0956484494131595
-1.051391176167362
-1.029934259639824
-0.7464912557330327
-0.5244519631219337
-0.21916565183645795
-0.74623076502746
-0.7038165124598628
-0.6170144621110228
-0.6461492690162806
-0.6961701881870102
-0.8145543004152781
-0.8938521071051392
-0.9313994838152929
-0.9543861514112336
-0.9256547917888334
-0.9002118109578171
-0.7673231278048037
-0.6033464246726609
-0.39612258599054473
-0.7061418203848869
-0.5923252274601318
-0.49941826199493056
-0.536641679250428
-0.5959708879565924
-0.7243453924414917
-0.843691602343794
-0.817930769910416
-0.8009133788830802
-0.8301240887577945
-0.7808835028644726
-0.7166692492372054
-0.7083122747832468
-0.5460119337587511
-0.484123226536129
-0.46461800425745087
-0.44744468587195063
-0.4359823853576886
-0.4720600971355446
-0.5731621383477362
-0.6928013280475848
-0.727210195708264
-0.7433158153948858
-0.7388205241447209
-0.7417959337066782
-0.7099595025799051
-0.6832453662569331
-0.6356405721110637
-0.3036969358566766
-0.3202441836607484
-0.3328343455782422
-0.33267207929771236
-0.3831382574523702
-0.47679163896352417
-0.5438873500015551
-0.6855500495060535
-0.7343698736255984
-0.7519366995927362
-0.7300451954925721
-0.7179316449697477
-0.6905738148372806
-0.6963498338733987
