1.8916013327242451
1.8249320246164267
1.7707092109736826
1.6576075015244007
1.5087567769654784
1.3408732281995484
1.1905348029558882
1.0674924748734445
0.9851782293871318
0.9565603870278361
0.8960571460600382
0.7090711282233018
0.47754899752556984
0.2623297042042286
1.8168991454343244
1.7684327329721172
1.6951831382417861
1.547679516978324
1.4501095409583051
1.1711944502149092
0.9760560176741293
0.8603242430081892
0.7873491807513321
0.7556053542025882
0.6964889460511579
0.5249894181107398
0.3824300447263635
0.15588488908760234
1.7303781543792327
1.7141306489244574
1.634354603700095
1.4553000569174368
1.2440653316559314
1.0046364258287936
0.802977550494871
0.6720965443143057
0.6153108786819711
0.5657493930038212
0.4742670317552709
0.36443284391526976
0.16418151428366243
-0.03679853426027907
1.6099696369066128
1.6237179874725371
1.684198490608823
1.3498182351271535
1.076688813448271
0.8296121320488751
0.4766116217389439
0.514166477064254
0.42801135594050593
0.4222247256806276
0.34009387417796627
0.15675801422690894
-0.02274140995905248
-0.20490130155387465
1.5101953836638418
1.416164614180485
1.3415650183755952
1.1558552387050123
0.9863776849682241
0.7553396852574856
0.5665795749412637
0.4336279352314279
0.3763755289793279
0.28599402863444595
0.15687002578529388
0.01180124678862443
-0.15775390915271142
-0.3222473174257158
1.309641396461626
1.1395112716746847
1.047200511071625
0.9529699056393343
0.9075789005109856
0.7365930729483856
0.5587693407665985
0.4191950861313578
0.31945236463552606
0.1547245220903534
6.255055757507646e-05
-0.1602423598041373
-0.31010806725464196
-0.3877665527528269
1.0839330822848667
0.8540799698163924
0.704195085925341
0.6884265753774093
0.7034479242750132
0.6506430937710613
0.595372868746894
0.37090874204356905
0.16681369500263604
-0.027107247229575766
-0.16456371706294828
-0.3071244356714102
-0.4290532129070981
-0.5088890927000225
0.79921611671135
0.5406446980958399
0.2625589046838587
0.3932634175124185
0.4960307517865752
0.5184755252871075
0.7291735164417943
0.23927041302032448
-0.03353578050335167
-0.185481833261469
-0.32950878612839285
-0.42898722401526257
-0.558922129504197
-0.6280693704327887
0.5166617518829221
0.26781930844694346
0.12358081625019623
0.09288320997114866
0.12991817272371253
0.19565127432584145
0.16325576122770305
-0.02520035781885691
-0.23050802789035188
-0.399478907526935
-0.5171033309619193
-0.5994748197516333
-0.6846146504822048
-0.694616043801075
0.2117646243657869
0.03471500148877231
-0.1365364404519143
-0.1935782543624365
-0.2091480464246385
-0.2437262080760376
-0.29755561379331574
-0.44149586899647986
-0.5448452398142564
-0.6676344257379263
-0.7000628701344708
-0.7985705725498449
-0.8133974646950096
-0.8085527412196438
-0.07380156798055765
-0.29104517182771494
-0.41462130061400815
-0.4813245118456891
-0.5429579773743186
-0.583140837559637
-0.6964429056457915
-0.8087730878232613
-0.9104244303210998
-0.9961279761922189
-1.0482150887334547
-1.0610808245053878
-1.0529392875910661
-0.9751207760917258
-0.4053970198783794
-0.6063382129638041
-0.8316103644226137
-0.8445518222295196
-0.8249913987818138
-0.9354419451988584
-1.0098301561408953
-1.1541755203308932
-1.3086095398218307
-1.33854857213976
-1.4090692264622569
-1.334998032983837
-1.325445780997231
-1.2103208365617057
-0.8581640659762284
-0.9749976520768027
-1.1223047157611348
-1.206200382244965
-1.2899262390909945
-1.3680467933087541
-1.4352329407848006
-1.5398060273309084
-1.610195781859682
-1.656287159178025
-1.6189201533249735
-1.5861747938939872
-1.5458585916928917
-1.4688195723639532
-1.241754873625458
-1.3458825331311588
-1.401075244327542
-1.5614966562884804
-1.7443157964283718
-1.8206450230348374
-1.9143586990600683
-1.960929823746795
-2.018653796373766
-1.9141193698274825
-1.8121905948649022
-1.811729469561556
-1.8732551131298298
-1.770192894057778
