-1.9302546214770049
-1.9044472550519032
-1.9308880184669934
-1.8516125881363557
-1.8156198510238106
-1.8202997629455242
-1.8644793581353298
-1.7430727245024793
-1.6040820391725743
-1.4798511771496239
-1.400162886745304
-1.2630773194993288
-1.1786884421729331
-1.1163116659984251
-1.7517380759613927
-1.6768418791947939
-1.5948337379596425
-1.5185768694017066
-1.4513603540689204
-1.3804780670853503
-1.3003801602036178
-1.254609229277965
-1.2158199601392663
-1.1883433030899933
-1.1526006389093362
-1.0801544676280472
-1.0111596168711812
-0.9618007657255637
-1.5927913210626052
-1.4670621378036226
-1.251482133090428
-1.1796709444580575
-1.0865840163755216
-0.9278742016329111
-0.7783991136214728
-0.8098631617627842
-0.8532768049638805
-0.8515415524703952
-0.9397890900175053
-0.8159483213615333
-0.8274092621141445
-0.7382794057095527
-1.5651543424303205
-1.2671982373155761
-1.0031588348113363
-0.8013229826258826
-0.5901848757175427
-0.385545694842562
-0.2706053330616919
-0.27301150051241735
-0.32732389389789135
-0.4071079224211231
-0.45903726641734804
-0.43603789268342924
-0.4333569068450837
-0.42836376745437427
-1.5340261722753545
-1.1353479489266136
-0.7438223452157737
-0.4440054845496106
-0.09957065130310692
0.11207345231426732
0.3520409655268147
0.2607425777614365
0.18483199975251052
0.05080769707374649
0.005609174930631781
-0.05781002607953398
-0.05338877348991948
-0.05575386919900245
-1.4766139208798503
-1.0524852094665296
-0.6000996247916142
-0.19244878857572664
0.20915463619857333
0.6614752120395448
0.940731474657807
0.8468691912947144
0.6286802381015765
0.4661356184397484
0.3417337037403582
0.28990683056004624
0.23988533276579313
0.24332974934773693
-1.424378664465819
-0.9122538659263962
-0.47004605620487383
-0.0016018085710953669
0.509573867167678
0.9693668492829894
1.8402353642871045
1.2118441703662723
0.9570085434090597
0.745347074827193
0.6493601892171106
0.6018523894772052
0.5604616720120313
0.5429510886181839
-1.2119227895770697
-0.7745367829703496
-0.3699307855524658
0.06819004562275072
0.5265070960190766
0.9482697597743631
1.2345781828779292
1.185129209107323
1.0424609201800548
0.9380796226076789
0.8670899642186707
0.8486748127561756
0.8486627284988449
0.8407674158857481
-0.9200977481300626
-0.5760541234662769
-0.2668764701956035
0.12434947368768762
0.5211526313645647
0.7431048556728163
0.9863773394857323
1.0191791065269034
1.0159238512741848
1.038258309162774
1.0601705241405288
1.0679217967385004
1.1317826402435942
1.1533367608547747
-0.6436550682565445
-0.40174525956108253
-0.13103489714668054
0.13166648639284864
0.38978207455209113
0.5955166306062435
0.7873755111983299
0.9107594351554977
1.0008832717270926
1.0856062490752765
1.1526681538735535
1.2470708657073004
1.3907795371604694
1.5015955635694977
-0.4124357167797501
-0.25593511802120705
-0.04794725414210108
0.09254178487916688
0.27492761017474016
0.46801598180314863
0.6433355967839617
0.8046937945018743
0.9573313114773861
1.058958000462583
1.2302390646871921
1.400941638938283
1.6301697291745767
1.7584523693155893
-0.30546365911759515
-0.20845920634167098
-0.10634452906543648
0.02031410871258913
0.16135962239989862
0.321757204129155
0.5008517137249482
0.6533677921727794
0.8339808641070597
1.0097980186708482
1.2132827390207808
1.4647462205687025
1.7195201858410625
1.919638722176688
-0.17770109503245432
-0.15647110350819526
-0.17347998678712745
-0.05006121872361847
0.02880949228751074
0.1800334623686229
0.37058767919043667
0.4972615501843192
0.7011227220995424
0.9324033106790697
1.1651453369595215
1.4945546568579915
1.8526453091583888
2.042264623073316
-0.03418440091440431
-0.07147236387811746
-0.08929607369503884
-0.05228369616600372
-0.0021101394472469934
0.02042803441223078
0.08931694541252172
0.3317095733829726
0.6282914555430346
0.867327266524287
1.1763624017207057
1.5095241222299012
1.8673001609959026
2.1830863841800086
