1.2442714686816412
0.8708948789747756
0.4559928628958644
0.02021517438991093
-0.42055968546308137
-0.8809199935576131
-1.302088366191881
-1.4000209489398943
-1.5000881925463325
-1.4615568723090582
-1.4603235306149298
-1.517672807355833
-1.6166418862650638
-1.7227435839879148
1.207700649313865
0.8542328986541714
0.4466949720233357
0.013376317965757988
-0.4096183295845369
-0.8115755269380559
-1.1185685960914409
-1.2732038739152312
-1.3460175298490278
-1.3207338844474559
-1.279476514715996
-1.3624483804159324
-1.4978931410399141
-1.6454461768283772
1.244926392320106
0.8446950410723504
0.44241318262524937
0.024246835122395446
-0.3775160203132163
-0.7334980415672914
-1.1107018170844298
-1.169703238271068
-1.2424308237128552
-1.1832472319861846
-1.022255629108481
-1.225106430395064
-1.395737017439813
-1.5557973444902868
1.276036492996923
0.8944845091323675
0.4446941554867888
0.051225470201101034
-0.316901464499337
-0.6590022923047493
-0.9367817024091811
-1.0550832730957327
-1.123568165967212
-1.115162292513042
-1.09065460024076
-1.168785291029057
-1.3288818181040372
-1.4501962220334628
1.4805903164957184
0.962775557711599
0.42991488580454434
0.05278437119737648
-0.34034596769605857
-0.6457041159873196
-0.8545014045925314
-1.018404277236135
-1.0793184947896235
-1.051418142737171
-1.095602585795229
-1.095781165449502
-1.2306190523334604
-1.326330461255168
1.6052765207533062
1.0399154518785798
0.5048297946222616
0.07112860803843221
-0.3243589242385011
-0.6904631337389436
-0.9657153096943418
-1.0528766927796533
-1.0211349741803264
-0.9533696158349813
-0.9118263897034461
-0.9510986686864458
-1.029371752680679
-1.143308202558398
1.7669524697806183
1.156760200879335
0.5275653742965168
0.14900492010316177
-0.2680562535186967
-0.666897945607182
-1.2917772150545705
-1.0109686755134415
-0.959943832466846
-0.796862242697049
-0.6986968455732572
-0.7449642420386187
-0.7989212734742946
-0.9308687120409488
1.7903529671890548
1.2743659310223108
0.7671279160388057
0.3116258711278184
-0.0653619031007811
-0.4101002149181244
-0.6822432558389704
-0.7224943047770824
-0.6699277522025071
-0.602779319283012
-0.5355348595789523
-0.5628316321711985
-0.5963698597956915
-0.6863431663048875
1.8457444270123027
1.3834031154889108
0.8908857517801578
0.5305151296081141
0.15698831310867042
-0.06320454449298082
-0.26638223686600115
-0.34628287275236097
-0.37534328394238725
-0.363707449745322
-0.3302633911364538
-0.3698871243806716
-0.38119262349770655
-0.4304279336867812
1.885693892027017
1.5146078813140802
1.1155932550532834
0.7692680716568752
0.4636769618346387
0.2179253437782062
0.062163447170150814
-0.06905228619761368
-0.13907301927530025
-0.21013477904819103
-0.21723191043561557
-0.17767838713343284
-0.12325830124485822
-0.11648283840532603
1.9701594956476571
1.6485878963870602
1.2912782455529292
0.9885910767557767
0.7277638218392645
0.46890929438332124
0.3233722865988857
0.18117215579272777
0.11998824247496401
-0.0181726422613452
-0.20089473823834586
0.042287268549284544
0.18882249836748574
0.20344331569036156
2.1437055220028025
1.769411552682589
1.4229587795065592
1.1331022836580007
0.8909088694262446
0.6704616854307532
0.49418157204273483
0.3340560671757119
0.2308859555881991
0.17871095011717714
0.19642219554826487
0.32931650287557773
0.5282018176554714
0.6572672779730407
2.3651944911481206
1.8768500205733132
1.4356886875556114
1.2079729096678737
1.0053667011795422
0.7907514710150384
0.5976044882019333
0.43853719792298185
0.30729385469835957
0.35668284333219163
0.43233844308169816
0.6287222194428945
0.8930224772057773
1.1578197296332498
2.4819574754752662
1.9824830363478352
1.5541589275730534
1.260862456003247
1.0447369911180757
0.8185595434079096
0.6478613932700011
0.5335330200746019
0.44668391553218656
0.48450038613884805
0.5967475714067304
0.8619473225719957
1.2127576494786603
1.6726318368792055
