-6.092686767538148e-05
-0.06806459476026101
-0.10804002578321241
-0.07221708872085786
-0.04041797897202758
0.0063179232755883824
-0.057799113188815095
-0.3349520243528609
-0.7126083993708189
-1.0400035938156789
-1.4379825299230713
-1.8392466341050109
-2.247882309243931
-2.6899818162888693
-0.13064442909699453
-0.10493852504083094
-0.06621111614182984
-0.054308252305529194
-0.04519215613743429
-0.006913583702143321
-0.07094166027403623
-0.37153386006462535
-0.7009609498839792
-1.0022454223359047
-1.364555899449208
-1.723675700268215
-2.134548170142814
-2.405429884019457
-0.22730724881060466
-0.14131946354485034
-0.08507174658527018
-0.04827869136775349
-0.003540510957547585
0.030431790908605014
-0.07188366440131604
-0.3178190954726632
-0.6007500810203147
-0.9310832786882905
-1.2981135026060522
-1.6053664880011456
-1.9155021791763092
-2.160833993353205
-0.30640643234277537
-0.19672953064598805
-0.10859322520209092
-0.019752872003345866
0.09885431494352409
0.07816072747338719
0.059975350877281786
-0.2686514512987324
-0.5190735410657937
-0.8771623868662423
-1.209813276130409
-1.4672403918464803
-1.6883053442183804
-1.9439496664859632
-0.43230675961229753
-0.2712981413116668
-0.1271863040396787
0.005164092588782716
0.05016611537171159
0.059183125034477764
-0.024777635568195767
-0.23771957355232512
-0.5227296827646553
-0.8118573136417904
-1.0658159388727366
-1.3106476279071644
-1.5594620237363985
-1.8005832413855958
-0.5400118771300951
-0.3430545771744532
-0.16099474840383993
-0.021541173990494523
0.11170805409542695
0.092751881142581
0.049123117848502186
-0.19717754762872952
-0.49143029809767236
-0.7152350244530071
-0.9816719771097107
-1.2034194399741296
-1.434744837781486
-1.6691263802640985
-0.6538153893374131
-0.38678355435950584
-0.17918697147374196
-0.017118312082418503
0.05534740660178083
0.0826474601177723
0.029161832921921153
-0.0923140171387511
-0.3171410934638949
-0.5507269418903246
-0.7841030755791668
-1.0704770688054839
-1.315107248176586
-1.5970783119644814
-0.7003264753944215
-0.33638883685518883
-0.08116880860202098
0.0829149252291616
0.11072694576982267
0.19386705424820505
0.13216646077869654
0.06256481230183335
-0.08739372298302515
-0.33015461799038326
-0.603651492052408
-0.8609055726734256
-1.190391659488815
-1.4543662587453516
-0.4220601811982794
-0.1478016778765217
0.09039216402205316
0.2744833865146513
0.3651213303915741
0.4250812428478096
0.4275142679563212
0.37012112640496186
0.22335426054667779
-0.006667853255672284
-0.27550171105622256
-0.5713424030568731
-0.8318046507302551
-1.0631862912560517
-0.1526648953440409
0.12248024469371227
0.38861369319240174
0.5318995135430001
0.7010531150787261
0.7991184508695656
0.7909139633677446
0.7427299784905367
0.6821715434969808
0.35010399714291685
0.05988946542003881
-0.19564338109831997
-0.4682942468016389
-0.5979562196686773
0.22337270237989978
0.376116423688646
0.5808457113347729
0.8140890251420789
1.0306033141198139
1.223044346781879
1.3121606953834206
1.2030268299831877
0.9955325655080071
0.7079395567677804
0.4163658437814615
0.17220695891322713
-0.03160084584200873
-0.13946203325009449
0.5323803394056982
0.6479384586855549
0.7771206270818123
1.1076100553295962
1.3700012517245492
1.6843438214943443
2.0329714108711276
1.6591774472632697
1.321527738673793
1.0202744185386943
0.7277538524536634
0.48560304551829486
0.30357736956719544
0.21292524420529632
0.8205095359296236
0.938174023455326
1.1479747989220321
1.46552787656329
1.7879971008385216
2.046333534245344
2.2001929524368156
2.0092249118559877
1.6825124961926734
1.355949573113749
1.0092403635231812
0.7641834160084358
0.579574840832102
0.40747395787661683
1.043518223227343
1.2163864143345684
1.472781153476482
1.7824819686160176
2.200678344986225
2.448956011636803
2.6496270991515205
2.3762377287335736
2.0614552819393426
1.6055469427919784
1.2440677980454968
0.965293729884399
0.7700520893157105
0.5525462922003095
