-1.7724207343768263
-1.6418696985888515
-1.4665838604387198
-1.2014046854261509
-0.9307391373659435
-0.7355014594300332
-0.557252999083925
-0.4607232055098018
-0.3658707429958455
-0.14168116249876717
0.04950467592884073
0.2871529670554099
0.42040037463223107
0.48270117911095833
-1.580016076545202
-1.4473512869399063
-1.2222157986199724
-0.9321514928039284
-0.6515825865465299
-0.43605135185518434
-0.29082497601394214
-0.18130466835643633
-0.0316367666140215
0.13461654021323968
0.30335178760724596
0.470618576206456
0.5982931577472591
0.6637550687478709
-1.5527879965694271
-1.3099934476502233
-1.0506634513831175
-0.7165206402786721
-0.26245693940762177
-0.17670214835911413
0.004636842878534686
0.10502082488619877
0.25824237778992787
0.40903956270942143
0.5591580087340632
0.7205609107260884
0.8429344936821753
0.9332707855349444
-1.3038180524253011
-1.1323695061939378
-0.8668042529408742
-0.5598014212718899
-0.28865305471228453
-0.05942291340207671
0.16003933690384087
0.3129912007852948
0.5033730910637879
0.6756708592402421
0.8388633827381665
0.986694180825237
1.0990119533498433
1.1863355448223607
-1.1812839792553975
-0.9976101002309484
-0.7090173177471849
-0.5083349518181525
-0.2623899715039194
0.021721888008845617
0.31825071951168427
0.5146446827741644
0.7242040063441908
0.927703503079601
1.1779997068713788
1.2393803880747543
1.3461854799247228
1.4432420431605866
-1.054399407066364
-0.9161909553085548
-0.6970715765527942
-0.46361646721266564
-0.1692125888060179
0.09713358997134434
0.40115891153729266
0.7054108118266583
1.000851797295973
1.1896368649310385
1.3155213531866206
1.4730359909833528
1.6043411309086029
1.703970488960173
-1.089589991621671
-0.9180531829183438
-0.736026844697427
-0.44974352367325665
-0.10304786738115969
0.13845170873220677
0.4261747408473196
0.8129047794483769
1.354525021826957
1.3251975190427803
1.4374344506840588
1.5929500065802789
1.9289476618728645
1.861163138056087
-1.030989629455408
-0.9272721712985015
-0.7395064628288723
-0.4856778017261637
-0.20557426518250185
0.09102285755772536
0.3996077883091827
0.7654351675935401
1.0867286962639413
1.2721018237111754
1.409571311182633
1.584071483978283
1.7517683482952482
1.8906337827076065
-1.0946306609986836
-0.9654568610050168
-0.7649085407160012
-0.5888784811069719
-0.30678931466288584
-0.024088787000559827
0.33462415211685254
0.5954253095892026
0.9069917477497433
1.0969513796571868
1.3278546983214619
1.4684163720330576
1.6542039187176087
1.8053820519960007
-1.2020613184329232
-1.085679778663239
-0.9356894088600153
-0.7541423476031293
-0.5352690350769667
-0.2411190410123093
0.0879001590775036
0.4054730251163101
0.7074624319499713
0.9337828014228464
1.1262222359767988
1.3150062687344064
1.4913900652030119
1.6900390873562021
-1.3846015141309638
-1.247436607848145
-1.1118907359234895
-0.9495235521495847
-0.793774624915365
-0.47401745400227924
-0.17625614530864106
0.17024349809070455
0.605682771394543
0.721522684565202
0.9426446044051593
1.0986399953016766
1.3440054805508435
1.5219659057545558
-1.5557966362379207
-1.4635544230377393
-1.3319195890355688
-1.1596132657766676
-0.9674881944996103
-0.7411807570753193
-0.44682071163307646
-0.1442617904040224
0.1686462111807463
0.4269916902767889
0.662729185170119
0.8577194627822126
1.0832353391021687
1.3301631904367184
-1.8433874427074606
-1.682809644777568
-1.5525103132063576
-1.399814949788887
-1.208976492503431
-0.9888246671388967
-0.72770182888909
-0.45689934664535065
-0.24403076044846056
0.0894041728762796
0.37455994289218747
0.5911870475123635
0.7957945272302676
1.0958662648545248
-2.062510804166044
-1.9226046107872372
-1.7766790199942744
-1.6602094072724285
-1.4960589028486178
-1.2569965307303468
-0.9818883311883355
-0.7592947094362349
-0.5410828447263086
-0.21254564462611952
0.12807004858548568
0.3907706490704378
0.6343142538702801
0.8728574410059998
