2.2443955330478778
2.156032484192699
2.235922225347921
2.612114827821357
2.2669889359726008
2.1777560358742454
2.074673055385767
2.2979792590671195
1.3624506236318883
0.689506891336439
-0.0538890704423854
-0.7759427313860159
-1.3491217165299034
-1.9947725628919426
1.878448153919651
1.84035147894289
1.9354528190185163
2.0314791272969934
1.988516137753281
1.8618466994675464
1.8142348264082482
1.6332970772480175
1.1376943959170878
0.5066718123605459
-0.14136243798513792
-0.7626442697752192
-1.349639335291836
-1.8646234786870846
1.3243713972871625
1.3367353371754498
1.4634787681444417
1.5768452743767771
1.5643005351066819
1.5331791930392709
1.396203994849762
1.2448864700880669
0.7944132392767499
0.3755625431844901
-0.2408135509056956
-0.8218099516845916
-1.343642885696657
-1.826058096489307
0.753326530964179
0.8267040090017359
0.9589177611340997
1.0810235981279837
1.1309240412534294
1.0948922552464682
0.9893612300466389
0.7856479450964828
0.48920545603697496
0.0942727659182114
-0.3276304554950135
-0.8464124087054247
-1.39422211130363
-1.944202419791912
0.2942083260906746
0.33792713750783737
0.5328468561405078
0.5728383862409472
0.7366478134925655
0.7753395934860982
0.6415102677547727
0.37181293019718004
0.21702622605711233
-0.11164020860303413
-0.4640142898528102
-0.8434162839616502
-1.4494260540545643
-2.10760011263869
-0.02634617836932182
0.08309727966796009
0.16390831026821343
0.27583282546661886
0.4367777963444105
0.5122475280666702
0.46455448392898174
0.3255127861539329
0.11285483945669654
-0.1917245964438841
-0.5297975178287609
-0.9811905292679731
-1.524350202528515
-2.1761662927122583
-0.30731774430784137
-0.13844428579100718
-0.09077460622592157
-0.03850639829193409
0.1708375157495009
0.3466105153641569
0.4082956477561255
0.4038400880738366
0.15667205015552405
-0.19851664393473833
-0.5411179216926987
-0.9528032936916739
-1.616096431294248
-2.276224086182993
-0.6162865949879591
-0.47969469471279147
-0.36736274277122954
-0.2218600515702518
-0.06546991769159041
0.1528629870718658
0.3430195513580995
0.40819152821857796
0.22580893847519135
-0.11753611155179836
-0.5299421827241887
-1.0259759435998848
-1.6247869877793337
-2.337308675271228
-0.8597939730278655
-0.7208683975992057
-0.5632221054876494
-0.5068614035233047
-0.22344682302985178
0.019796614331652605
0.3180139722936598
0.6804452922113053
0.25057182086352386
-0.002089752818265078
-0.45519300281805225
-0.9063800554538395
-1.5552714456127328
-2.2669880608934663
-0.8937552656192769
-0.7376119169739028
-0.6298788660939159
-0.4738720151008232
-0.24996607198996304
-0.039744802907563284
0.2022726855052427
0.28757262452465393
0.18877465150535117
-0.06285068882692087
-0.38895155868997616
-0.8271423030848749
-1.3955573300540074
-2.015045912355894
-0.8084511472313367
-0.7413022993002688
-0.5956670271567259
-0.5043235849908905
-0.2615208138286847
-0.08186095542959719
0.10349844348229928
0.16723662084542956
0.1065839685032975
0.006623403271445351
-0.3470269934402509
-0.6773550225486265
-1.1463288061129078
-1.7313618107486886
-0.6877488151017823
-0.5640098275736243
-0.5273228132475551
-0.4497540066905357
-0.25254574066806795
-0.04732046775411408
0.11916800019433924
0.18528750430683494
0.1332908144936643
-0.014225890121269097
-0.2553605046748159
-0.5354202200964328
-0.8535480381228441
-1.141330393209739
-0.45091818798997607
-0.32909398637168624
-0.34452665632884205
-0.44179651365573097
-0.08644563347527581
0.05601344173394276
0.2398382951260948
0.30576446456230194
0.2335793593225228
-0.001822518161562824
-0.1669450875340659
-0.3929390863491948
-0.5365299708007276
-0.6078110204731496
-0.22840682861988942
-0.12243858161750966
-0.006137300629271882
0.06560636256976099
0.23786824962389078
0.43549087744037895
0.5519247677024937
0.5961086231312231
0.4777189742880013
0.24214094637170133
0.03411693092356723
-0.13201496484774716
-0.2261506148577318
-0.21571571791935432
