0.3864182355407959
-0.007931162049361375
-0.47072724686680306
-0.9639169730174927
-1.481984551931156
-1.9993066753145883
-2.346756746386056
-2.2879926059560187
-2.080767462711205
-1.894294156497392
-1.807905464691915
-1.8464412004599944
-1.9740036055771513
-2.2188050876309746
0.5814663196871757
0.3107004110436096
-0.039003065676414705
-0.5550659656627466
-1.1799242188022474
-1.5522581016158763
-1.8066853125993863
-1.8518708269891315
-1.7960721836666051
-1.6269927232578354
-1.5034031849642495
-1.5839651218191404
-1.715277900965358
-1.8537236490704319
0.8919444291754094
0.7219969718262591
0.41189634498243516
-0.1116138769033116
-0.7177010691280806
-1.1859693293491724
-1.4451616960606246
-1.5310861729721919
-1.4612059290087214
-1.3633429099182488
-1.2661690393885197
-1.237712396225129
-1.2858204226865928
-1.4075338662674666
1.2400333922034779
1.1041075929609796
1.1094736684192181
0.2708632833924138
-0.37331105898525846
-0.8326814158593474
-1.325005980033945
-1.1966642861119927
-1.1286279332978497
-1.0283977262329835
-0.960666858245441
-0.8682118444674626
-0.8410744830968169
-0.8714712473968077
1.5498808860699504
1.3107290527750641
0.9948231369293395
0.5085752833216747
0.0013438530906403664
-0.4256716213567861
-0.6757335246613684
-0.7474924175656333
-0.6935608680822066
-0.6167113027991975
-0.4761390302660448
-0.36963582924055893
-0.2703380306616866
-0.25460758490740265
1.8846362289642216
1.4195952250081163
1.0373044281440564
0.6121959087074424
0.25567561580268117
-0.06652623971384873
-0.26351551395118483
-0.3129069554247233
-0.3009452412187461
-0.14687256934044743
-0.0283143724940895
0.15486296388305407
0.32389933281742816
0.4271472690645752
2.038418036181719
1.513761097681826
1.0564141940057723
0.7164906355824097
0.42417592535503273
0.2248299567474289
0.05654834766904302
0.03791602494954278
0.12101209435261001
0.28569989863136214
0.4874611128824761
0.6272719593495899
0.7732309183136659
1.0729597864233187
2.2198051466012263
1.5472041012153344
0.9753921744707875
0.7369767911379059
0.5309301627218117
0.33429051477278743
0.30331475921296797
0.2707363522690089
0.4359804809726388
0.6126245281537838
1.0916474361561883
0.9659392195984324
1.084141030698841
1.448467068464177
2.0859788285524963
1.501867858464441
0.9956201569233857
0.67971163126366
0.452634685740867
0.2930346928829305
0.22914889674569877
0.260508204020957
0.39793949409964474
0.6776368349479882
0.9332159840607748
1.035311124732818
1.1535989024545295
1.4352725131469808
1.9324173530448334
1.373955580010562
0.8747364950164568
0.5790540948046359
0.2961044675162754
0.10347103844880114
0.04333168679052601
0.08338151441945811
0.2559390520735478
0.5524706254448045
0.8641024898343059
0.9564724995527217
1.1281849497973477
1.216401079703423
1.4695296938688167
1.127016305151546
0.7613510825250549
0.4171688079309518
0.08501000962580059
-0.1610511345138787
-0.29506781113645786
-0.19675159243907056
0.03232178244283699
0.34573323149661445
0.6222970099401605
0.7834393727972688
0.8950585558038658
0.9374753614296073
1.084284507146751
0.8368102171341986
0.6157134571533154
0.1701756348758818
-0.15963414795144784
-0.4831762692001035
-0.8288173459333602
-0.5382988404856759
-0.2441707032150096
0.10060820446597214
0.5356389512544738
0.6130588539988181
0.670773966706823
0.7462617481997633
0.7616814915420914
0.486319264254651
0.2142565741492756
-0.14793711467458331
-0.5304715455436004
-0.820386352330188
-0.9643001780084081
-0.8660360862577565
-0.5821826697109488
-0.1780447870727887
0.18320670032163625
0.455196223710658
0.6284367559213577
0.7088579396472676
0.4266839827265514
0.16882831912525162
-0.16731224458609495
-0.5066536068929302
-0.9383098149007972
-1.2516351511017032
-1.3990862534205881
-1.2598403485852785
-0.9659604653967558
-0.46642257519648517
-0.009033524133502493
0.32771785135110426
0.6377611517781494
0.7506710688337351
