0.02762092872859922
0.14106966317121492
-0.5174907094694041
-0.04703893146931333
-0.3062795637943459
0.17777227303120577
-2.092397767300435
-0.05279470436909452
-0.3179649954827669
-0.2109205831515575
-1.6222449394182876
-0.02555564392921202
-1.4716351781428878
-0.28428195398988937
1.211001169447153
-0.48824059735684444
1.885011722251897
0.5885121400055917
0.0998853546263751
-0.9817156158293292
-1.0480437458550727
0.32244571523164917
1.0704216730892062
0.9505959736561043
-1.6230347988000613
1.5506436341393097
0.8489103565899728
-1.2493400151845846
1.4817348363822638
0.07917435818369312
-1.2230577074110658
0.14224141730905784
1.9072765622305896
0.11736740439484553
0.011936516901498526
0.277315054415877
-0.9129150280660054
0.1096047106080113
-1.331598775217994
-0.23760034605004055
-1.6396171256203502
-0.15682850478090818
-0.6747292373101935
-0.15407863547816483
0.607844042071309
0.35359204138369793
1.726107800281276
0.11028507019137751
-0.5730489685642213
1.7221059556371274
-0.057140851683558515
0.8034026433129439
-1.6544829923806197
-2.203677093880419
-0.3556024755804105
-0.3289783490368531
-0.07759004298705438
-0.0063556367082692475
-0.018455149752922465
-0.0239347407589776
0.7239986082005954
0.09070433141036326
1.8888093238487835
-0.05361279116236152
0.7210491647528888
-0.14627560147031612
-2.360692646546772
-0.02830630377322569
-1.2285049734890947
-0.3474327300306948
-1.8276071289210287
-2.3279646028166314
-0.9257497132133403
1.1187904111439642
-1.7632255936570458
-1.4503453314257655
1.2409692226906779
0.8499788097881933
0.2730370149153745
1.54585925602265
-0.976489423063397
-0.5139457414014864
1.6277625860093972
2.2019083428246984
0.646736879818188
-0.2601182917207858
-1.279131515429929
0.07791332165033919
0.9856021455404795
0.14779135688570777
-0.2037763294348745
-0.2058231146592745
0.07693613773249433
0.2118698310566694
-1.1880488230680757
0.22613025816405516
1.573723080579187
-0.2592534626172263
1.5259154445343308
1.3419333279319428
1.0286549448587161
-0.29011941606042224
1.4568335531912289
-0.4566690618987665
-1.5628898663956086
0.2127563683494041
0.8246821293597508
1.6192315269697228
0.8521335884775344
-0.6333681216638704
-1.2299283048998253
0.21382873448993495
1.7249266859207595
0.08422295919897493
1.6713411689821063
-0.03942172079646752
-0.08545935174784898
-0.07800774338049651
1.115926911125402
-0.05229105935470148
-0.11422393065607822
0.31509945512390924
0.5969799425271419
-0.05649083610071014
0.8442843634429962
-0.12815920038046627
0.6732320400881392
-0.5291746996594262
-0.4414070154187634
-2.071648827840137
-0.5237960088275199
-1.8678809305579258
0.4912539799064194
-0.024191684855730977
-0.916472897419735
0.2130197333508463
-1.5142016922286523
0.5297140770283227
0.6221716133210383
1.6293160719535535
1.7006868355785858
0.02295309266938486
-1.1742394220058399
-0.2724465501707127
-1.4089949382855276
-0.2546140137115902
-1.1769977372059308
-0.14613673836255922
1.060650247771853
0.07599107259905158
-0.6205976786774223
-0.18272606320074916
0.9843894019267245
0.13556020080750972
-1.0123791246573766
-0.9141747863174245
0.3769880380997083
1.8625023368363613
0.18545344827089671
-0.10259681445479427
1.2233175117527182
-1.157017788007278
-1.7400846524190703
-1.0181309859165348
1.2262910341313185
1.4018616580183734
-1.4308243301308108
0.5662628464060504
0.36339215516745405
0.11697742162295538
0.5181527910257326
-0.08528352756885486
-0.7638720654594109
-0.33924894434744585
1.6417848965560315
-0.03515302834596801
0.4942366011322892
-0.1280735030405936
1.7753824155140276
-0.015690989612237558
-0.1633696189942421
0.024598874466545944
-1.357751418220005
-1.1142818338805798
1.8051581722691843
-0.5323757535773997
0.5546091806269324
0.7276489870015248
-0.31578400987982
0.32518125012181576
-1.2255451909114852
-1.2299498442606418
-1.3033150821694168
-0.4918064582421958
1.7038635617147488
0.6294390323629813
