-1.4555456027309257
-1.5547197038722804
-1.7075999610326738
-1.7844404250281285
-1.9596769315637228
-2.2007273014005193
-2.3939265865891617
-2.3624348108193103
-2.267854813477196
-2.214288793900762
-2.189065165787776
-2.0871355629257033
-2.015933335229394
-2.0300629961163263
-1.0489292377745838
-1.0615716571794702
-1.2054995175583052
-1.3003445099767468
-1.4471319080552942
-1.56856324618018
-1.688963955254358
-1.7555881219391145
-1.8303923165416367
-1.7630347124414585
-1.7686979770437905
-1.6903040510568148
-1.6892872936681362
-1.6538942096654154
-0.46648277300188806
-0.4962976471625048
-0.5804953291207691
-0.7142982819535791
-0.8607598861692545
-0.9983527794152225
-1.0857460687511482
-1.1704009358195686
-1.1839893838210014
-1.1691274021368963
-1.15687733969835
-1.181472315902196
-1.2277353879944726
-1.2588417864533046
0.08539632915339876
0.042563084992200816
0.1339971052457854
-0.15471504455567708
-0.33039946644188517
-0.4158743815313029
-0.5293680280030396
-0.5372628671975938
-0.5837631943955305
-0.590114157776872
-0.5223535764285476
-0.6508689016651843
-0.7465282790202097
-0.8362310836604558
0.6007324769191434
0.5138644033366999
0.4278016743413329
0.3239636453124146
0.1719476632505555
0.12722004628344563
0.10354580847183213
0.07272507966205652
-0.017656757958952808
-0.06759776542432953
-0.10625769324078332
-0.22573007890503213
-0.33247877617444815
-0.4239733687725602
1.0709545260390085
0.8604914032104484
0.7928895313580184
0.6719174892098049
0.6397390012945433
0.7096349397806367
0.7878651542120766
0.6770664870773387
0.5765222116042223
0.4489559258063984
0.3240463874183807
0.2179030103415273
0.08843258037856201
-0.02898958163963844
1.3910604328549367
1.0594640575304832
0.9205394997094228
0.895210658384866
1.0049867091507185
1.2198509640968922
1.3932140100108066
1.265821847784078
1.043265339992733
0.9199459233608591
0.8069319213848689
0.6319540041136292
0.4595613312216851
0.3407010837343346
1.5198635283138775
1.1328252807598982
0.9169388199013577
0.9726361199810443
1.2099530495714494
1.5395286723667314
2.2879617573303657
1.6183951582314076
1.3676914225910624
1.208418766375411
1.3373304934986223
0.88885302280883
0.7169847105239042
0.5532575347762462
1.2691992321704713
0.9701843914354673
0.835643495606914
0.8811123557373272
1.1003614030639801
1.3965038653425068
1.6140236821881642
1.4826183169328087
1.2613314500102648
1.1436002217984667
1.0298842175697196
0.8459804690704674
0.6849289139591704
0.5948352217815598
0.9125214349913962
0.6627201186533329
0.5219598414626511
0.6684019055434806
0.9201099175813784
1.081281699559882
1.214836592425119
1.166227917964944
1.0927416768595606
0.9024431872982668
0.7175953337908823
0.6621203202090463
0.5558498581623977
0.5140882492140376
0.34448148582424026
0.2483385342393872
0.18780098381004354
0.31148680963532516
0.5737610354745244
0.7650348969134438
0.8981824066288245
0.8295802809719809
0.6878143986639065
0.5823466027243295
0.5057124351678718
0.4671104984180111
0.4115247321616229
0.3882953471184937
-0.14575798994341432
-0.21628325964411166
-0.35751282005676643
-0.047199410784830365
0.23423480553590478
0.399033279234004
0.758313916564367
0.4572930126107211
0.3173871417224471
0.30655804366671285
0.2408371621284958
0.29736901976944025
0.29072431098644524
0.30723507985604415
-0.6299668266545948
-0.6088603994127929
-0.5369193727069951
-0.4338854081770658
-0.2886556354883532
-0.1036746664712821
0.008470207693464496
-0.028308924114491457
-0.04677112692845799
0.03604299785109307
0.14460555064317845
0.2407704285592297
0.3316996151003405
0.3650291229980453
-1.095636888775384
-0.9387195335882524
-0.8074218537360713
-0.7721726961062274
-0.8034311816215286
-0.6880530252858301
-0.6510179708842159
-0.5687685525025289
-0.4849912632816192
-0.2303864813247041
0.01839180628535998
0.16711583411992592
0.38724409613439936
0.5247970578352241
