2.0186279897223116
1.9118534287775082
1.869256943441159
1.7409540047999716
1.7329112122312302
1.883755631956747
2.158938399846201
2.3048854256668814
2.401722211091545
2.0842318778002333
1.6951675344706996
1.2404918840275099
0.8842343903053367
0.48878534345118
1.5924669991605416
1.5450220162523136
1.4289662426801792
1.3298676274354064
1.3188251975710963
1.4986927262985659
1.7379978435361574
1.8913508104300136
1.8925494225786739
1.681727802239944
1.3448600562949007
0.9930061770093734
0.6318731290494791
0.2535817733545528
1.2416665560974036
1.1066923402437678
0.9892849739405966
0.9482970150935957
0.7608962665370604
1.116032796550225
1.3514566624347422
1.4852539052788936
1.5966475816477719
1.2946862711156153
1.016906729358436
0.6846353664931584
0.4304067271829888
-0.09241925348315334
0.5583780075172556
0.601626451597276
0.6309428497558053
0.6492945953773364
0.7216943601327025
0.8698003381774368
1.0405794480122834
1.1164416612141692
1.0777326579832405
0.853813397902189
0.5855319250241552
0.26458000781649027
-0.1313024934738144
-0.5229052299808995
-0.12316099161392353
0.06990779593479932
0.27006391272040137
0.4290018670784327
0.5720486985050034
0.7073335825290772
0.8318196224837575
0.8157788402631584
0.6819258217106944
0.476630641151929
0.18099789178315692
-0.21503486252710755
-0.6281351398123914
-1.0317102527041342
-0.7353272586497164
-0.46202633506821084
-0.08709112034503302
0.2244344770586674
0.4343313988837739
0.538075538287874
0.5882349376102077
0.5695549898604502
0.4543747051394897
0.18152363040052297
-0.22438778797687758
-0.6466743589745704
-1.1054179065484366
-1.4940798465517313
-1.6010625727630097
-0.8120152997827875
-0.4146550852877905
0.004350026880009551
0.42197831363003485
0.3471940731669824
0.3870860792184872
0.34284932383841366
0.3598772556721598
-0.11625751277690496
-0.5545708129156673
-0.9842595089144072
-1.6260763816545836
-1.8311252714619513
-1.0683834649246693
-0.8359811051024122
-0.5006745636812161
-0.177214606872353
0.038258837852506486
0.07992898937281293
0.05829140562227519
0.013417440595664298
-0.13585153601031266
-0.41815621385469076
-0.7943343098533255
-1.176721721971776
-1.5719972168915455
-1.8800447681348655
-0.8101797502033449
-0.6828261023008558
-0.5395561919774885
-0.32276399093171304
-0.20067488286671775
-0.21132126691689948
-0.22701969432927513
-0.32737057886611676
-0.4849593785782435
-0.701403434786247
-1.0137578253434725
-1.2498528489538514
-1.5430553551115078
-1.7744888569787498
-0.6101379745950498
-0.5298022074968329
-0.4322080155154112
-0.3901005294644131
-0.407355995495967
-0.44166419075748015
-0.5061233072275879
-0.626592867623925
-0.7496072988757014
-0.8900845129529379
-1.0686660646675787
-1.2967088495710235
-1.5017306129432455
-1.604943700314478
-0.45681224878405474
-0.2752191075950413
-0.26454588460679757
-0.34056111279143786
-0.5502168475313186
-0.6017947195783877
-0.771524355854374
-0.8477311276531126
-1.0045205211838444
-1.014450043500104
-1.072999926329075
-1.2442862748314114
-1.5124583684582418
-1.3407611338181096
0.2071468889614007
0.15398235643309177
0.03342610606176402
-0.18364130764454656
-0.45419226334929136
-0.6584355100077381
-0.8160110175353764
-0.9379002788496711
-1.0320266188248572
-1.052559179835305
-1.0631796179569142
-1.1261981196939863
-1.1162128908581748
-0.9919903583671779
0.9244991413297478
0.6981625512713703
0.4148784001453539
-0.030776707014874
-0.35728249345449803
-0.6526965888362586
-0.902031181148593
-1.0345314152477576
-1.08445977926571
-1.106776358571897
-1.017554212338525
-0.9415156976577607
-0.8392054830366742
-0.5960294548011486
1.6448294106055048
1.2330614385480507
0.6454016714586078
0.06299324055617135
-0.37141394792816856
-0.7070871015587892
-0.9636416350626875
-1.2062731921957155
-1.334322808176622
-1.2149337835479668
-0.9960363969813996
-0.7317965247295987
-0.46460946005296344
-0.22032016332977133
