1.4938286985058025
1.4707758004576676
1.4471680910270577
1.453795631847883
1.4622131643035945
1.4474990729328416
1.4254355642794947
1.439433810802481
1.434880078310552
1.3055453308215885
1.1643526950927905
1.0830563602944858
1.036856192754259
0.987841500374895
1.4756253341432775
1.4242989042166405
1.3799905201896923
1.3268791698878335
1.271629387633898
1.213833414734359
1.193458544091458
1.1037440091345854
1.0417272898686072
0.922751245221515
0.8298556862443633
0.75597777967234
0.6960577685626754
0.6717317213692157
1.4777512194239868
1.3959197391494216
1.2794599467253942
1.1678224095776115
1.0451344607070112
0.9440045311608561
0.8470222445600069
0.7317846551249724
0.635585712193207
0.5472898195541112
0.4717644456683808
0.4133500142610169
0.37003807678691714
0.3516864454981195
1.5588279744152258
1.385070965035435
1.1907676699664178
1.0152072919175255
0.8087006940658239
0.6857909724917718
0.5354760517892926
0.39160593833836366
0.188408456311279
0.17001583116785463
0.09909422396070851
0.06848303776308924
0.006241251601026009
0.046063827620183746
1.532249457153154
1.395719921257808
1.1819524866332938
0.9239505830890298
0.684890593455146
0.4650864675532776
0.27725837622437555
0.07594570794729529
-0.0858683066378886
-0.16492773443708872
-0.20313721410530683
-0.21948854082370942
-0.215011806638169
-0.20788947860147416
1.6169505510770643
1.4068305857571828
1.1904842822105584
0.8479053958180754
0.5234493909447508
0.2665849445279625
0.006153311518114514
-0.2271299458562791
-0.42459950590139195
-0.47491279073601705
-0.5091807339022512
-0.4801460333645271
-0.44060942437248035
-0.43226315131014664
1.690334730819252
1.449631993105341
1.093140877376109
0.7582926879293836
0.42124132831147415
0.08511832002748738
-0.23080492118023008
-0.5657296819326126
-0.8022693535253627
-0.8347160213859909
-0.7675102273334385
-0.7351439738722224
-0.7006888750979123
-0.6513901231350842
2.0230236983116083
1.386870986551564
0.9887071059944109
0.6199330707123738
0.2990681866542928
-0.07113358816200115
-0.4726727311378849
-0.8355048136211215
-1.3816640036664016
-1.109786882627742
-1.0172568410757499
-0.9637124628424398
-0.9995772505696957
-0.8591357942510051
1.3657660155356632
1.1090251171560814
0.7575881803502489
0.4299196254033295
0.11885027843160484
-0.2262714521795017
-0.5758436311903578
-0.9390978994883358
-1.1824705635690025
-1.1984691893059405
-1.1322045833316388
-1.1005539854744621
-1.0660150625324283
-1.0174299922807075
0.9448615771295412
0.751552005094854
0.5010627627186819
0.2164533465648258
-0.03718275821557331
-0.37908311824780017
-0.6921151217822143
-0.9707861311249752
-1.1969611250655559
-1.2357756217017966
-1.2188737923127482
-1.1799005709608927
-1.152402012028861
-1.1376154279697714
0.5333733641453984
0.43518176130534847
0.2485408675772278
0.006620789663258929
-0.2508301776119696
-0.5381136201991213
-0.8093707937987048
-1.061361800640897
-1.2516889345437598
-1.3241196238896646
-1.3143140487174096
-1.267803823728143
-1.2198211419996827
-1.2267279240494233
0.24042415071539477
0.18752196494093595
0.03899450043020893
-0.18205425473114986
-0.4442390447801564
-0.7102915343577388
-0.9788022513874669
-1.2085425163341335
-1.407036972104485
-1.4450767390067973
-1.4454215553444865
-1.36779362354619
-1.2643013347326073
-1.3030569221933759
0.12885582246077812
0.04804318972002787
-0.11048986027937122
-0.34102898026443856
-0.5965090535279528
-0.8674406275269994
-1.116610359547374
-1.3584369263348544
-1.5208818296901248
-1.5731437811785447
-1.5502867826989204
-1.4919636626053452
-1.4151706498508334
-1.3905458461183275
0.09708210634841304
-0.029159321268029555
-0.21873860877500048
-0.4539346175149918
-0.7380052203366322
-1.000896399893133
-1.2782900440036618
-1.553741529861171
-1.7563757224745864
-1.7537389736088589
-1.6926055710619896
-1.5975370473056392
-1.5324174432798299
-1.4774713926929168
