-0.41838537079228905
-0.5579143129663778
-0.7590691168213874
-1.0069302734597918
-1.2841749243955416
-1.6109718907924633
-1.9851765319910213
-2.249675531739905
-2.198968553497677
-2.0229526842951295
-1.9036887926969672
-1.8050157521220205
-1.747633005721301
-1.709043296413976
-0.22860011398323118
-0.3288854802520029
-0.5398350505275867
-0.7552875850167683
-1.0303120803675991
-1.353707651120057
-1.5940119641289243
-1.800460000776587
-1.8197575426221089
-1.7915047555668886
-1.6863596248666497
-1.6436119910549862
-1.6070428452558598
-1.6268140252232028
0.0058054774684757485
-0.12537788903483948
-0.2865696974626202
-0.4960882596450151
-0.7436617983975129
-1.0158080225546797
-1.2470952375469937
-1.3992276186190002
-1.4664093420282964
-1.4686331256760115
-1.4357323603826826
-1.4000841005695726
-1.4051169076719852
-1.4245728515769855
0.23783008937991956
0.11119990753960822
-0.06215268647415783
-0.19256884652950335
-0.46502006396167656
-0.6923843269359227
-0.9262917237410999
-1.1128010864256785
-1.1681125949562055
-1.1769768348308514
-1.1760046309830823
-1.1355435741276814
-1.2063485270900742
-1.2430853370718284
0.45891667637201256
0.2996095334330541
0.13910893856770065
-0.0418904532397036
-0.25629742387595844
-0.47592709603632977
-0.6753585773448517
-0.8335809886150508
-0.9065750705366745
-0.9348093954382384
-0.96137275108749
-0.9818028023280891
-1.0163673677124427
-1.0498120454679156
0.6917477281008297
0.5067570816418765
0.31870673983351866
0.11386976899486148
-0.06876398265068087
-0.2666340866849163
-0.4456448924663514
-0.6100845001904607
-0.6636061895928208
-0.7155646024875214
-0.7694545411336752
-0.8256189512320872
-0.8283361223190623
-0.8584160020353877
0.9658692493130393
0.7302911431975452
0.49160225876673397
0.2909912317340013
0.11576571242945934
-0.05050993214719158
-0.22783644177774753
-0.3694483443057412
-0.43764569496056677
-0.4873164213323099
-0.5601137492302827
-0.6238631497787853
-0.6303850291686388
-0.62765500698698
1.1989397549561123
0.9424294597673231
0.6885756752891781
0.4265582157504273
0.31292726698558737
0.18014348486058782
-0.00518725910228459
-0.2072515573404455
-0.21220763382919045
-0.23147663408048835
-0.3288599877282147
-0.46191382351757987
-0.39120028744094
-0.3989277750502712
1.2982942618340254
1.0783198377860295
0.8746938960648895
0.6888929404726857
0.5340066296327179
0.3828328702228297
0.24171673947298472
0.12692878159925255
0.05589113480561989
0.015466761842795019
-0.044736723382395815
-0.10238216836829224
-0.09677440452095039
-0.08580356208047167
1.3253526943616591
1.1982483055583255
1.04767841560866
0.9311651614060168
0.7599698807240394
0.6038563767611688
0.5017032724395262
0.401153644457593
0.3439860003901444
0.2705507376868712
0.24732224215411971
0.22203836167730961
0.22703962986846118
0.23096071858325484
1.3519056900639639
1.2554372357102495
1.176542123393135
1.098154367472769
0.9758476138339381
0.851339265139644
0.7817642610232505
0.7223776871746063
0.6637683300429145
0.5996977251970461
0.5698277207222326
0.5575770376352837
0.5580909816110301
0.5641688957942561
1.3292142381747876
1.2811869182049247
1.2530897115204098
1.3013395053047814
1.1498894986758306
1.070486414863598
1.0420057867909984
1.0669823232393798
0.971988720074691
0.9143466019751981
0.8735118325144597
0.8819392443463335
0.8558530804077398
0.8910636640983515
1.2306029922737103
1.222963519515366
1.2282680329392097
1.2370849747618473
1.2400260795510814
1.2355998447471663
1.2609569307358
1.260269409511202
1.2160648784312738
1.165265479086759
1.1146202548620707
1.0900083759227184
1.090598897978147
1.1195793295518546
1.0896132802179026
1.1278965136080468
1.1671522032452954
1.203782519485492
1.2806871541012068
1.359992059058425
1.4414116881818484
1.522768312059704
1.4426062663717993
1.389823959358342
1.285383289335193
1.2467071113254953
1.2609620587771233
1.329065041575101
