0.7437209202749212
0.28485891602950203
-0.2704957096378651
-0.799985749566808
-1.3138126563745307
-1.8078799630982345
-2.3381475151988926
-2.6077429731229103
-2.3519148333772737
-1.8311152693745025
-1.3089457665450301
-0.8596132977405988
-0.5001927995420735
-0.2575192751865688
0.6550476263082365
0.3234338269573985
-0.16908541527719964
-0.6396142731399899
-1.1350911078057293
-1.6312021578712774
-1.9338072937837922
-2.1522081216715585
-1.9751649154841835
-1.6965909534620351
-1.2911155020878988
-0.9543726918127562
-0.6149610704817989
-0.3532673559227163
0.6216106277191547
0.3111678943240743
-0.09552937552877398
-0.5207112136712806
-0.9485096260216529
-1.350589338337999
-1.6685157458476405
-1.8228009535569205
-1.745230455855717
-1.5154400403915504
-1.251434490568633
-0.9669894932789541
-0.7084155798567151
-0.48166291603901884
0.7292680038547596
0.37244827518582924
0.06652427149643461
-0.37401252769327803
-0.7420174938428205
-1.1558348498358348
-1.4178531265529213
-1.7471711393554634
-1.518676523566084
-1.3704386048727921
-1.136432843382988
-0.9982854008287315
-0.7410376528798426
-0.5095447056610123
1.0212437627902344
0.6895065978950853
0.33553482402885604
-0.07985839864890924
-0.4597660608197359
-0.7840300150708016
-1.082829343871877
-1.2629021967967364
-1.2495299900639256
-1.1398932195797946
-0.9649478029203241
-0.8008075741021522
-0.6819280651285886
-0.5973836710582996
1.4161011918300592
1.0828569631681886
0.6189845175181313
0.2238695796477084
-0.1907195105956346
-0.4965631961500048
-0.7693084171693372
-0.9250094654267095
-0.9621359141890057
-0.9461554876482728
-0.7485470167301204
-0.5829636920007846
-0.562571369942962
-0.6022839227482257
1.7874826870375795
1.238941703648282
0.8069680345642845
0.38573320567906216
0.013746718885784513
-0.3482789063303586
-0.6141770178615825
-0.7947633703997223
-0.7704588055322522
-0.6198973649816926
-0.4343765784773112
-0.2785871370882186
-0.3232688976262115
-0.4419126563828451
1.9540421373312369
1.325781318291942
0.892167820529453
0.5514190431895512
0.1403266277657959
-0.23186611174446503
-0.4989992524579643
-0.8674726764237282
-0.567349843162633
-0.37583022667981975
-0.11211982982935498
0.18969362676105267
-0.04943382992000806
-0.2348528408995462
1.7052983803867752
1.199256096204344
0.8438860480712466
0.5460155263962154
0.24507259784944152
-0.049928959138171705
-0.2812636873931767
-0.3764603992781431
-0.2285557506832461
-0.013944296952396297
0.16474313133135027
0.2790730427665057
0.21142673355806305
0.04098371251993205
1.2255323230323136
0.9775171805274873
0.7440350674070149
0.4994662931797315
0.321237273391613
0.10295622047496127
0.025866330752092867
-0.07340647584939648
0.11466104902245927
0.3353096778190777
0.4428584675230156
0.5200349107368037
0.4486880950781427
0.33805822332257063
0.7698385150637965
0.6963240779700398
0.6170496029579885
0.5320577156514977
0.47890039238886845
0.41234895936978366
0.3284050094109572
0.3186120318541239
0.4424397357065933
0.6012589855206919
0.7168774470500573
0.7719038420405561
0.7497873603459277
0.6695361282899138
0.325483455409892
0.39349083362939197
0.4791022986115928
0.5516790144137197
0.649103051707779
0.7726956793383862
0.7112775655300408
0.5650413637562726
0.8488409593201889
0.9366624051158975
1.038319611203447
1.0540930965206234
1.048672945581732
1.0378722037253527
-0.07426803343147624
0.09404414163043683
0.328097449386292
0.567343356490493
0.8404495733954749
1.0839864003032103
1.2332219563260478
1.328390713102737
1.4162621847056438
1.4583583241757454
1.4785002543360928
1.4252437823115343
1.3730783378195799
1.2993458576624248
-0.4752038448181762
-0.224654377128028
0.18995153123811745
0.5968075397427899
1.0094675291396171
1.43976583222333
1.7921701879236192
2.0947399954340296
2.1022010214112794
2.0606471946300218
1.9282768536101653
1.8304774263003323
1.6859229987043842
1.5435644325727176
