-1.0267829962222268
-0.5696874052023277
-0.0542423238580283
0.26529676772604033
0.6962867093220516
1.1701226133650957
1.8415551439326268
1.3880141286746919
1.0862534525130016
0.7837141562280819
0.47804629600807336
0.46719285717830117
0.33994397292957507
0.21316358640636443
-1.0281227946569282
-0.6385168815098715
-0.2151874122764653
0.1763038995045806
0.5645902889836055
0.964985249496327
1.228621089017879
1.2110396421203127
1.0146493055428627
0.8108539802754678
0.6481251248862193
0.5625316560859777
0.5005885333045298
0.4204534906337515
-1.1063768375458658
-0.7458598047911271
-0.3720352098361686
-0.0022865329616439597
0.39735967993182325
0.67820627307064
0.9354640225418225
0.9744441992808269
0.9675856981958908
0.8625742379608148
0.7446925032428447
0.7379049292915415
0.6978575767831678
0.6957537093684774
-1.1207316358064114
-0.874236511736495
-0.5844148174411152
-0.2468826613850096
0.11142351804945198
0.4154278336441065
0.6387969893811503
0.7811163162315357
0.8671632747573946
0.913488369769959
0.9166314126760096
0.9265167027593527
0.9400714188474636
0.9832583253653672
-1.1664347393822825
-0.9932664900445067
-0.8660489395932703
-0.4686843433388335
-0.12043953036538618
0.15266028770105097
0.4195689493844479
0.5888437822077196
0.8035954711041966
0.9238175744477347
1.104633250579859
1.1085518261160163
1.1564716690108248
1.2545906670667106
-1.1855819307141633
-1.0739901402225775
-0.9261192745236252
-0.6772694368724415
-0.4110327517549923
-0.13386348934060807
0.13249219805564752
0.3892037047078376
0.633358036578279
0.8774047741814073
1.0888571572723738
1.2461013615015484
1.3934969131504558
1.522842468258514
-1.1754408508404246
-1.1166857696517087
-1.0568505496849518
-0.8622225155604786
-0.6848007814495556
-0.3966031944941073
-0.12988238678146063
0.1688681609642734
0.47187141509968894
0.8063941028837147
1.1356780761463452
1.3668996884317477
1.626085591479867
1.7856875216976322
-1.2021405895868595
-1.1945561964330194
-1.1538134629271173
-1.0008959300002558
-0.8174352553651681
-0.6270918188806462
-0.38116252512052345
-0.03333124692675841
0.3523637063637237
0.7677317871671054
1.1508666430298282
1.450982998618356
1.7205373824892092
2.0394170596532466
-1.2115332923431015
-1.269257418969822
-1.3244037394074564
-1.114704566618563
-0.9400997869502866
-0.7973500569416371
-0.7201365008852807
-0.21471017542537357
0.2176689456319861
0.6983364581878398
1.2786491694802333
1.4228747756732765
1.7317376865228162
2.1254192580728164
-1.3442159154226507
-1.3450842425498022
-1.3131326536691892
-1.2111620429023078
-1.0724750657257798
-0.9099086294249163
-0.6635577000136298
-0.3226084948027157
0.08592548698820097
0.5054628037004048
0.9136511386501821
1.2519454495723958
1.5515282080086468
1.9077898995993807
-1.4645826283966905
-1.403648374356755
-1.3463173596043836
-1.2991282703675966
-1.22971954348451
-0.9864448628689002
-0.7155962303987339
-0.4149258155333506
-0.07306413264452648
0.2792643160516348
0.6204782281891505
0.9756961292381008
1.3461869221859133
1.5593917536047373
-1.5132299949988608
-1.482096837376475
-1.433633675104927
-1.3812001062117887
-1.2822179875003956
-1.1148945267671446
-0.8607296975958876
-0.5783136957504025
-0.2613762569014539
0.04457264611341504
0.3658358813741926
0.6993959435911596
0.9894554428219106
1.2370670964741501
-1.5735390117007197
-1.5483908310792132
-1.5558727864698516
-1.468132398519646
-1.4166652256904535
-1.2314571042053968
-1.0690885569160091
-0.7530440897583016
-0.4425180433360464
-0.17090632031626726
0.10340329732289226
0.3999604510411404
0.6924748476724033
0.9153661208876724
-1.6164708387538171
-1.6198958468688933
-1.6034205027582138
-1.5569726854265324
-1.4616836534539144
-1.3329001697060023
-1.1446178900005062
-0.9019308361759755
-0.6336645295378267
-0.36962151652712855
-0.10451217825843696
0.13772691969907794
0.3782298158257982
0.5383350056438716
