1.7910872700333627
1.813443427678123
1.7861391131524154
1.7272964402928688
1.65917424736676
1.6023994665384258
1.4526761827126369
1.0720742879868461
0.6017522942395965
0.11482150155113748
-0.36580123337675613
-0.8786449004881431
-1.4209176911187755
-1.9761274787665604
1.8657020737700607
1.8331164491904328
1.7941168558343088
1.6625346151942064
1.5459271831288657
1.3838536259151881
1.1574801178224083
0.8370485829326926
0.4692804399971738
-0.054565920934501196
-0.5684617597823814
-0.9460728508394572
-1.3157099046282
-1.6274349496520286
1.9419219288145435
1.8633712623894712
1.7515771143656262
1.5779521376947125
1.382813166583766
1.1872932969269172
0.9573656450480446
0.6355534046616825
0.22074559965840976
-0.24954339323800348
-0.6915966244316759
-0.9892498903896352
-1.1753476743420703
-1.361305107762618
2.0008517265805454
1.8483095489029173
1.761717516739837
1.4667768850970186
1.2012573378779972
1.0028275762756307
0.8506821128765811
0.43825904678859706
0.07531054641379899
-0.38473731692466395
-0.9911213136402122
-0.9461598673769444
-1.06529809573463
-1.0931474653447548
1.970162911163696
1.7793432393245252
1.567596055226066
1.3000911281578817
1.0321396282039037
0.7896332886230493
0.530797307235291
0.23057409113274285
-0.06605576150577604
-0.3737415805929476
-0.6134406541985157
-0.7333264645584209
-0.7724604512932064
-0.8069406392532029
1.9706370711754757
1.6645966862964054
1.3957869404097685
1.1028657828698643
0.8440889882087461
0.509091981960238
0.21969376677304317
-0.00946964816266732
-0.20715505319685693
-0.28216237685991225
-0.39068744754846474
-0.4558726542805907
-0.48408965512301655
-0.49502084713808175
1.8199262574012036
1.5476072132651975
1.2720560689958802
0.9156328551559442
0.5251276657868647
0.1569185721962467
-0.1451714120740507
-0.26588637854688946
-0.2602834393375079
-0.20326842886389856
-0.16192223095669017
-0.2178434461012134
-0.26329951587432177
-0.22686792003328393
1.5800374004309754
1.3000027553093116
1.2458472579273838
0.6613836586301818
0.1877418180280026
-0.16481412607530238
-0.6688674948812454
-0.45187154733323776
-0.3705187995464977
-0.15768659395404638
0.14158662867716432
-0.07622586312079128
-0.13357719682887612
-0.0546311747100726
1.031239954840468
0.8236690715916986
0.5830320000275486
0.278744891375017
-0.0626011811699329
-0.33277924076887155
-0.5087423978156457
-0.5201704570058632
-0.39348545974659127
-0.21000903892350795
-0.0660061046078107
-0.051752820450579703
-0.07967522742117511
-0.03639162597857417
0.40371735477572557
0.1833318254716366
0.021202742451749735
-0.17845421187596697
-0.3452213316343001
-0.47892255975491
-0.5388308532654835
-0.5321634664861131
-0.4883419616896991
-0.29961069349109243
-0.1148949117869812
-0.09735688544784646
-0.06390995248932156
-0.12490195817259452
-0.38797059390361954
-0.4765741292153562
-0.5816838175322714
-0.655186257811774
-0.6833069302648284
-0.7175980578952502
-0.7008794313164893
-0.6223826757890611
-0.49893838573729127
-0.36185276385909537
-0.24110749812527552
-0.2011027746906763
-0.22154803324144198
-0.25301716259487134
-1.0863947103086937
-1.0945260716384067
-1.2444901801044934
-1.075982594534584
-1.0252281548366005
-0.975919248145333
-0.9399637976406829
-0.7537757040747485
-0.5535341280505491
-0.4179439982094673
-0.267881315592486
-0.30018248696789945
-0.33999138734077694
-0.3853786245713401
-1.6490072113152634
-1.5506231782595568
-1.4802223238659566
-1.3912870144849854
-1.2714691802873153
-1.2022212055818717
-1.0811609885594953
-0.9076418630669411
-0.696404426074816
-0.5270203798861713
-0.4097426803389298
-0.39648195431793565
-0.4407987721867295
-0.48658939122508316
-2.1484730367977805
-1.9181497272342531
-1.7521524194025602
-1.6180120024455904
-1.5101441687313288
-1.4051628644087195
-1.2930901168196882
-1.084677667558357
-0.8269194755972986
-0.6336621159439317
-0.4927066343449309
-0.46663181373680745
-0.49715950631326616
-0.5798372746490428
