-2.4096135311690916
-2.0363900121305454
-1.6804424828062372
-1.4352737905870063
-1.2034768314479647
-0.994328259729397
-0.8268843949942302
-0.8265842951233684
-0.8455196420041253
-0.9892411648851543
-1.1292579486391883
-1.141036180624174
-1.1815464864838576
-1.2207996857375563
-1.850311925677368
-1.5499488535418244
-1.2986179644226719
-1.1409495890956496
-1.0278768437831853
-0.9274797130934074
-0.8600239272439579
-0.8242475421413155
-0.8638157484687794
-0.9897877535826753
-1.120899542023154
-1.184249378276231
-1.2196876633312461
-1.2880741660254988
-1.3358598653146385
-1.1017531067418183
-0.8114177874054549
-0.8572104030558834
-0.8677745413943082
-0.8202028268895737
-0.8413270660458202
-0.7594204862957812
-0.7790923310251723
-0.9523738159697414
-1.2020563569341691
-1.1491991889172701
-1.189789108994314
-1.3204447170257831
-0.7951534540387609
-0.7056013151999434
-0.6261554777575248
-0.6097896532846466
-0.6135331192261309
-0.6254796764887359
-0.6290026509450664
-0.6281102418718437
-0.6931532982844691
-0.8180077660529532
-0.9705788175843385
-1.0633556530866604
-1.1342787757953614
-1.238976137246192
-0.2943053933856947
-0.36679218479248665
-0.41156396634491516
-0.392827274369008
-0.3711926601017126
-0.40128106244930395
-0.394282501830151
-0.4463012001225579
-0.5139371067049352
-0.6270800271457841
-0.7763338291726171
-0.8801547272443806
-1.0603575517583796
-1.1231969820581456
0.08303634152232676
-0.032596363769311534
-0.1281937813840956
-0.1680225851084942
-0.19373217577596438
-0.20879044700003033
-0.23063212158491794
-0.27759123304869676
-0.3102025214262421
-0.3830317101404739
-0.46710246307338843
-0.6394082551820017
-0.8307670474101924
-1.0145212038841696
0.45678633828935056
0.2614713733038467
0.08104427472668656
0.051404456142830506
-0.010980456906499285
0.00016535570004547128
-0.06961620150714794
-0.07065832929424488
-0.10178595347117447
-0.15293364873786824
-0.10206921895322653
-0.4171184559776493
-0.6427405751659835
-0.9057737159984468
0.672632550118345
0.5098400113659063
0.3941825621213617
0.3233702146227114
0.3125857290631508
0.2752442642735739
0.23017718933834005
0.15199910808024045
0.06123795550226354
-0.013071461833414523
-0.12506871135938327
-0.3238084674702523
-0.5602272215814262
-0.7719075582955969
0.892500951823505
0.7568840694311125
0.6363860512335637
0.6282007237451982
0.6225538851668673
0.5930715692888671
0.5513736841492728
0.4184447324681484
0.23859915650414856
0.11025732572829562
-0.06203762714367059
-0.25024709261767486
-0.48433196658100613
-0.6430582764477455
1.05099881612344
0.975417221657513
0.9370172101522131
0.9341720506258274
0.9597409380641523
0.9431429920935922
0.8753667597052363
0.7138396146162059
0.5114044050732741
0.265944977892158
0.03271849784651281
-0.1730202833719732
-0.34143642770431665
-0.49285143445332935
1.2304000445324836
1.2221245321901668
1.175067046232787
1.237943115037233
1.3116694466760281
1.28050752703437
1.2686536455943003
1.0209227950495838
0.7926716590443617
0.4478623810749294
0.1193355080970733
-0.06032893167886846
-0.24048539665936836
-0.3820945923968514
1.5554803071175816
1.5205280250952604
1.5074907104201842
1.5555260298799372
1.5890736743886957
1.5881396335942715
1.5023488224847676
1.300388013439579
0.9993137791636555
0.6376148916748139
0.3035994110739665
0.058827776268905195
-0.11910956410643554
-0.26500148779366317
1.8969774844810543
1.8283256985295269
1.8019176870599096
1.840553740189618
1.9053840113248666
1.9140303044447338
1.8875663927582513
1.5808631093211067
1.2526531825593152
0.8147180776815716
0.4205533695614261
0.16227010221869126
-0.023819503734650325
-0.17868493380353065
2.1023140157745366
2.1137902981117622
2.122766802558754
2.1387317250480518
2.1789076399300713
2.283713190283321
2.259277017857344
1.911022304726571
1.4129722475703683
0.9109887841636447
0.5027274231223551
0.22917008148703683
0.033586486506459234
-0.11055448274073196
