-1.6695826628056385
-1.7202392850438168
-1.8048704102115742
-1.9367997232746512
-2.02305552960039
-2.1507000153968256
-2.166494748837371
-2.184274280459869
-1.988314486289819
-1.728335352916224
-1.4172130617844325
-1.1272732885003824
-0.7445147120661391
-0.3417416998308029
-0.8861077458984612
-1.0115262632132294
-1.12498958159606
-1.254112381232662
-1.3319049686386064
-1.3772027149329664
-1.3796931443295497
-1.3568463979581258
-1.2804411545916303
-1.1818628479003144
-1.062245062211723
-0.895943049110981
-0.6737889529574852
-0.42019206858634345
-0.10513878878924321
-0.3076687683262124
-0.45286930803050723
-0.5761800679223764
-0.6187790128634114
-0.6555347595020175
-0.611426756230927
-0.5709433228269877
-0.6240229872737225
-0.6563911876895938
-0.6590422447692941
-0.7182206334401642
-0.5722867182691219
-0.48042386176758445
0.573038045613852
0.3676851813163956
0.23740399102751247
0.12915383352631427
0.08577652742219492
0.08555357641961321
0.11497720966140298
0.12176605216256395
0.023687428386773915
-0.10337809235079291
-0.24060190039982113
-0.36101697539159194
-0.45685965216781665
-0.49954190623553624
1.1961009629370145
1.0049502359634774
0.8237553761831848
0.7837464627607222
0.7220937780158796
0.7970315129447874
0.8078473872790157
0.8745981319037992
0.6622872816044384
0.4896431054876982
0.16560748436609682
-0.04540981178444732
-0.31538147438543934
-0.5538379404550041
1.7583934677471897
1.423627158956045
1.2604976860879962
1.2083705258355584
1.184022319480038
1.240532275020492
1.4800335986713087
1.5782967038092697
1.2869513270628867
0.8234970655652757
0.4561666277889825
0.10975853686278692
-0.1903826079400848
-0.4635614902864003
2.0796805500589755
1.6559715373400017
1.492613665207527
1.6044019116735873
1.3937111665025526
1.5313181962589308
1.817632866857004
2.698807282605058
1.6153255647713844
1.0788799493343846
0.5926551001561959
0.2547149733160048
-0.08869857946953902
-0.38606439882040405
1.91776672120847
1.5860484703323467
1.4253528403491664
1.329638637754336
1.2817161682073408
1.3295143415713708
1.5443943484285176
1.660930972785701
1.3889087492826817
0.9525568065026597
0.5719122836252374
0.252763994177489
-0.036216689703009064
-0.32158194508606047
1.5307671265219303
1.3613234858196008
1.1390890674319687
1.0329804913914014
0.9227666914988162
0.9451189824494782
0.9699881281336565
1.045982893183993
0.885465312796419
0.7736592578570094
0.4650944763879538
0.2006416970792998
0.0044846251618578525
-0.2364538313877878
1.1111957378298798
0.9215406948290213
0.7286172910412797
0.5775931429378258
0.47360724399922105
0.4159893560778635
0.3784755425344319
0.3330882167288499
0.32346910679686103
0.32807368293581896
0.2824910173962214
0.22779313428892867
0.08766686163301618
-0.05658743407353321
0.6852227929503532
0.4540703465011955
0.30400431237191183
0.03968316105606741
-0.008864516365696047
-0.12737866374812243
-0.22976747087690938
-0.3917870207722423
-0.2216207651355446
-0.09935423974161617
0.05425488801319331
0.2997944872450561
0.16355820477061192
0.07758715831996572
0.2894194291270404
0.13502172883050756
-0.05348919280018599
-0.2484076723764571
-0.4634321579790819
-0.6494889639254222
-0.8208456228985337
-0.8635964620997951
-0.7601100263912359
-0.5377225960197842
-0.2378575445304718
0.032239531520502886
0.19324417243169528
0.2635688342634781
-0.07829432868934316
-0.19610134454539413
-0.34406117694376753
-0.5550122670974528
-0.8446055155820463
-1.2268154534133588
-1.4098839586485943
-1.4989643761998033
-1.303876650976575
-1.0486520300757356
-0.5423236507542906
-0.1230216253902818
0.1826405596061478
0.47504959185256784
-0.39753436796004293
-0.44551878261551636
-0.5642046013916002
-0.8162998028832055
-1.177590368631913
-1.6058259729291033
-2.0577728271343987
-2.235703884427536
-1.9332828679993608
-1.3520875766598786
-0.7833303984207844
-0.2679991717187569
0.152480538466978
0.5243836963169876
