0.42078319625730043
0.43679446993718707
0.46070713882893183
0.5147779767703123
0.4732894716151043
0.4247229099608299
0.425312316980787
0.43041587177880347
0.4812532610415375
0.5414918924105407
0.490192810665387
0.4136225783818943
0.3640469538846507
0.24637183461568793
0.0907378932333133
0.1952267958123245
0.3181066640104738
0.4080044256321702
0.44636176599985483
0.46644937714191825
0.5084536857217885
0.5684777695506622
0.6197633815925289
0.6578880322535882
0.6702001193495261
0.6704523023837038
0.6590745825232238
0.6378926142096185
-0.23663601636162365
-0.03789106437128546
0.11928613972235261
0.3469096167525757
0.3738642524929927
0.4963643666479547
0.5560288693656553
0.7043023665513356
0.717863401302423
0.8004869758021755
0.8581049899530672
0.9210405074954083
0.9708588134987094
1.045855730005882
-0.5288630827328344
-0.33444242483193887
-0.12059525464009378
0.07093038585307487
0.22711904582602627
0.3776293601802201
0.5187121151130878
0.6445169660396662
0.7630352050476936
0.8856982949046298
1.018747886955508
1.156437081079964
1.2893538727468903
1.4116769593970429
-0.8017668531637425
-0.6163707836028963
-0.37023081480276626
-0.17568440146211353
0.060787044843566146
0.2715955671971085
0.4218025957868385
0.5921236780141055
0.7673321860114505
0.9673586209357987
1.1658407396082597
1.4190431331441005
1.567455566228365
1.767894312059196
-1.0890160974596597
-0.834133623416344
-0.5812005834189532
-0.3408349833221838
-0.10904655224237336
0.10989366150820462
0.3060434123490213
0.5050612469375544
0.7218218450610842
0.9540835201932153
1.2560261555420709
1.5646701802069856
1.796102946685321
2.0313026332483743
-1.3001330405304703
-1.0482083815827177
-0.7509335192343104
-0.49980632115248125
-0.27682363137450033
-0.04386747535554306
0.15489356465827553
0.40301017493590113
0.6049796058892513
0.8918921786869467
1.2547928056005493
1.7720142985958527
1.8953329972875426
2.2108424590027695
-1.3433742379812013
-1.113644104268188
-0.8924906227308724
-0.6648993042202311
-0.46379099396725776
-0.2637551832561988
-0.053617649947045355
0.18192922273622492
0.4324511471977052
0.7283064681160517
1.1074666396769235
1.4819464214828932
1.8044209348011737
2.1149678439729933
-1.3403598215794552
-1.185239779222559
-1.0216965279347667
-0.818523048351276
-0.6914183261283678
-0.5097441129129117
-0.3206320273110099
-0.07459791707258276
0.1751794187193639
0.5065270082534883
0.8617918624121947
1.268092703105303
1.5859638354019152
1.967535978979057
-1.3621693708773457
-1.2650752486339816
-1.1595300505094697
-1.0632488653888545
-0.9492821821596531
-0.8219420022394206
-0.6573397691728448
-0.43102536203428793
-0.1455294694511176
0.20256460600980594
0.5931751576183494
0.9691507784010919
1.3077088233404237
1.5931766405554977
-1.4025198096057325
-1.3410115590233742
-1.3236266334071476
-1.323593909995783
-1.23820065537306
-1.178641348087023
-1.007431136326049
-0.8654942082937443
-0.494496599513428
-0.14257715534548607
0.2866453780759408
0.7364753071448353
1.005743205360572
1.2547187976802223
-1.3910878496842467
-1.395655956524404
-1.4388001575564289
-1.469938287091567
-1.4833989754268067
-1.44290512310209
-1.3098861327407796
-1.0891467230632483
-0.7919369726072225
-0.4107556465205402
-0.006559706733812597
0.3851289203210986
0.6988718519838284
0.962890884936538
-1.341246080482799
-1.4300333911873309
-1.5398982395646248
-1.6460479695583834
-1.6996499208911515
-1.7656997806016257
-1.617364051159659
-1.4179325444402457
-1.0931655184935603
-0.7084128387778817
-0.2870737754839262
0.11208533212988844
0.4261437443428657
0.703657410953034
-1.2981946247628278
-1.471223744887649
-1.6610677894734018
-1.8235902712020005
-1.9021700494433849
-1.9419415881439148
-1.9643368703428308
-1.8516880652545613
-1.479704499827849
-0.9969199980763392
-0.5600601218211301
-0.14869781511719452
0.2010498753404229
0.497736352880555
