0.04707470162410756
1.6169291688736451
-0.542209792057986
-0.3892690350428595
0.6015141007716251
0.10801611231833413
-1.8692870130811114
-0.9178946122746937
-0.5127144653201471
0.9752535281565954
0.712863757149758
0.3218943576460757
0.5617314786625289
-0.7730350818932836
0.17367133156549502
1.1791096994917631
0.2843517479567882
-0.6223553220672435
0.21627909293614117
0.27269313184368704
-0.12741465501699123
-0.6871749754882334
0.1877736536940198
0.7027166771386233
0.22746069202714642
1.1569831013535237
0.025317478723585817
-1.4854548976473738
-1.7237303820997605
-1.368891031422961
-1.0927023231333235
-0.6335356858802715
-0.495762800924008
-1.4659551480809112
-1.4812240924472546
0.22456449804164072
1.253684032396586
1.2090238267313191
1.7939054291031735
1.0422738473334139
-0.20011597562452252
1.214962259356311
0.23273188110054163
-1.6475200584531924
0.03704771459436035
-0.32109686917295505
-0.08450271543366024
-1.0682403895789077
0.0440362293335761
-0.20990384199993636
0.23684294066244768
0.8630180898581885
0.06169077525285032
-1.476654233694163
0.058615263150905754
-0.823276565186623
1.262966588479189
0.0035467237785502237
-1.39701666961874
-1.1464781444745484
-1.7762204603782692
0.4684155849172357
1.3256023120280074
0.7998137997440412
1.5230283390265626
-1.2410496605421324
-0.25782269900119087
-1.7151740676283957
0.31388476302868573
1.0136037566252838
-0.1567980452545004
1.0516278057282944
-0.2620349885755683
-2.2262365102625004
-0.19376909601516912
0.8024621649025261
0.08451396606250977
1.632267434358614
-0.08332321591577689
-2.033092941439014
-0.12876393063358857
-1.62499594280871
0.023900015410198493
1.881490112602075
-0.6008307140602452
0.8937082052288982
-1.8460497406366634
-1.2635337874672945
-0.46298469868397824
0.08222828729458348
-1.6058537752681317
-0.47138068869364885
1.0689083855046349
0.1202989393991396
1.6784879892623543
0.5506687565189724
0.452648135119139
0.6847341578022982
-0.1156585369449921
1.3613751495550275
-0.00392812296764812
-0.01636118170224427
-0.11627542685496409
0.6710397196108866
0.028532379792191136
1.6307486593031257
0.2198466739090769
-1.6262109186979734
0.05785182453097236
1.6882713389389974
0.2104298086848968
0.7803901932027054
-0.14239967775985646
-0.12352745361953976
-1.4281390897839314
-1.5810757459623357
-0.639991766194036
0.3695641260221027
0.49881583112283595
0.4834649042571105
-0.07883827837063993
-0.8326253636408695
0.5935677640662702
0.6511693762536149
-0.4082458920106806
-0.3779242931540105
-0.212588555176626
0.7506208507167382
-0.2124095772174578
-2.163402914915988
-0.19279050967505942
-0.4546381446324288
-0.07739750537385413
1.3976904137600614
-0.13311856120087265
-0.5154804660298836
0.1402790116874043
0.1459130799444028
-0.03966160488643373
1.5709882343547021
-0.5240331907008625
-1.678537754333928
-1.4812425664962796
-0.5991314212283693
1.2937695506488138
1.4307819517236784
1.8089113249270377
1.3497962742809715
-0.5006088830742755
1.7075713300363164
1.355350003956201
0.2886976470919128
0.18043261450221515
0.2338071515568599
0.2189103476018837
0.24620948884921057
0.002811911133887221
-1.8396859137161221
0.17630858017171117
1.9288199861401192
0.015333920204207475
-0.28310324552454347
-0.22204912261918044
-0.3832487344753603
0.025932856989747167
-1.3926418854078366
0.12439900027354717
1.2566023832247453
-1.798158353424086
-1.6839458855004992
-2.005163876587565
-1.345818743256401
1.787913137619196
1.5309069919712848
0.9814949666796249
0.8061237927355633
2.139772707508625
1.1661173736225374
-1.093146349987533
0.3416155066308196
0.3769703654645007
0.9617728923474319
0.05243957147941111
-1.7688965391060871
-0.1566136541216806
-1.9620605643172153
0.01781140701443935
-0.2030356466358723
0.05418926396716646
-0.4614202305312229
0.01124272706756444
1.2973675126082906
0.004656470506834861
1.6321084890389166
0.017766584345844744
-0.04954835710714292
