-1.2428827037567822
-1.1312453298644476
-1.0211698331377606
-0.9412535211131512
-0.8892958344904989
-0.8870966251126169
-0.9109481300871128
-0.972641042874022
-1.0360954329867862
-0.9931727589554655
-0.9714818728912997
-1.031633845301724
-1.1242079790085564
-1.2385709243372438
-1.1091264854801213
-1.0333310588421947
-0.9378882955063796
-0.8706140591626645
-0.8348354254931784
-0.8289556344129474
-0.8749921457472224
-0.9624850049191919
-1.0279493546011356
-1.019250390671311
-1.0233759140122372
-1.061907805861953
-1.1698682697244294
-1.3179645647430136
-1.038749767856082
-0.9071664627822109
-0.8144294255579976
-0.7732782757172622
-0.7399231810148941
-0.7353907295917669
-0.7994448512712724
-0.8798053512765962
-1.0719047023385406
-0.9823677410707378
-1.0207302042084954
-1.0786709559949856
-1.156372729636125
-1.403933203798369
-0.828926930388535
-0.7706488747847581
-0.6888175304654744
-0.6423957231282047
-0.6170508006300099
-0.5882463163435411
-0.605351264882759
-0.6742276533417937
-0.7632636672584806
-0.8481589151450891
-0.9430061205469973
-1.0787794711364336
-1.272584173424648
-1.5161040535272579
-0.6949899070035207
-0.6086214743159716
-0.5367780414798106
-0.49369964254348897
-0.4883014390402373
-0.3957309717956647
-0.3338209701395859
-0.39306129246920035
-0.4734152660591412
-0.6194720518990544
-0.8274752891345818
-1.056434250872313
-1.3405027238305793
-1.593322637480457
-0.5339627581530652
-0.45624905869656074
-0.3612302249720431
-0.31504755202903856
-0.273415558008427
-0.18972791580864426
-0.11029900092400934
-0.06804116289164815
-0.1152627329401062
-0.33159546166682474
-0.649307807564622
-0.9642369853455092
-1.2993231393637876
-1.6312519541812702
-0.47412375303170273
-0.27102921746534986
-0.12418125044223763
-0.08475247842936122
-0.09733078813254574
0.05570681676332727
0.15390403132802066
0.2497058073792078
0.4032937016332289
-0.05211179822038327
-0.44667575916761876
-0.8312842011705295
-1.2708260587816318
-1.5917817186987633
-0.08202460413827306
0.0005155707240451819
0.10702719181740233
0.20044392272737774
0.272912022944747
0.37344688375259144
0.45903500420622645
0.49571471967575914
0.43602434924839895
0.18659823808595583
-0.20049894308662455
-0.61733539047833
-1.037704808848473
-1.4170047682740854
0.21913172154614124
0.29359858375676445
0.38145440890814425
0.4960044029323249
0.6177177954679548
0.68969393165092
0.8001519516714413
0.7611647753977011
0.6548415080818135
0.4208692824691002
0.10379451336847265
-0.36802578467929975
-0.8260059899535719
-1.1940743943249228
0.5207264490965676
0.5827592817704044
0.6703402966981673
0.7659812229722207
0.8739647421776753
0.9678976754309949
1.0456242172378214
1.0660893252656045
0.9846168165595464
0.7128093691354114
0.315725559238062
-0.11824382329247494
-0.5523863445192281
-0.9437170323198933
0.780473158177357
0.8491959424937188
0.9305031656411671
1.0336946356467314
1.1489874791665085
1.2220468754482843
1.3215573933792055
1.3907435079770016
1.5121057316065987
1.0308459144327262
0.563211073476862
0.14580376778472043
-0.3394698935453327
-0.6576625064131978
1.084118923641512
1.117932282907092
1.1793440167827833
1.2604857016548694
1.3553635544696716
1.475503575854678
1.6006219307990561
1.6870290943997002
1.6218270817337324
1.3134346718690713
0.8942507047876409
0.45403938164359353
0.0314285540985108
-0.34028025889773694
1.3399397844675214
1.3614242458253205
1.422976649016628
1.458717991751916
1.5229515906966664
1.704370487295526
1.9324172750267614
1.9837258577283972
1.9776961300967415
1.6281120501496562
1.2217801869208698
0.7501208588412084
0.3573820346451621
-0.05041186867564688
1.591655132255055
1.5942894917793975
1.5848437032287814
1.6001992806207594
1.6702840543523572
1.8668130967804637
2.112274105564771
2.3259745867289157
2.3440227809225
1.9933297697713828
1.4741024377611058
0.994206263731864
0.5430993851208856
0.14694658373819686
