0.49334879489520306
0.5781660592364624
0.6646314522257023
0.8112990166962144
0.9731884574247299
1.1439327433088926
1.175309854509099
0.8947607310572515
0.46212684630193573
-0.02535174714299195
-0.5537101708473801
-1.0823081607146583
-1.65619712878895
-2.350559376705562
0.630776447560815
0.6605196646546296
0.7282655903501696
0.8318346891606463
0.9691077534621265
0.9855155552789566
0.984378913802258
0.7916860377447531
0.5551861331877453
0.17607830828053866
-0.16852402215607779
-0.6498567538718905
-1.160888834426624
-1.5734850825288238
0.6102739357892728
0.7179930367645573
0.7986629880603954
0.8123004650686589
0.8303131658166314
0.8733716489671147
0.8657000361931684
0.7191649942528515
0.543138769745268
0.36933826841700435
0.17844142200527724
-0.15044570508524316
-0.5056005935604697
-0.8406789521486424
0.558751325460156
0.6787137003864774
0.9617657859880079
0.6843264825570055
0.635841667730862
0.6663957963206383
0.8727596045434332
0.5893979634115373
0.4847670898912963
0.4935174484733875
0.6509333426550267
0.2917944354064219
0.08769345043625329
-0.15855423564915494
0.5027171556989783
0.49154949245565605
0.45984819279565936
0.3483933236836861
0.25871204539844045
0.26445787932995396
0.32366653429393843
0.3216685309781957
0.3232768370242722
0.42664349481698605
0.5368054790979875
0.5821006249774704
0.6003041453831713
0.5765719610202098
0.4024087884498544
0.1851184398176582
0.05457076416184103
-0.10221610819557875
-0.22576136427626015
-0.23688121661786313
-0.17776482985002745
-0.06958780868289575
0.0961283648917637
0.2874795066775898
0.47518466855559166
0.7710997438417907
1.1284008942924484
1.3508347086265058
0.12384713311629257
-0.19769683203217822
-0.4537036863766612
-0.5879590720453661
-0.678364170067448
-0.8138247643574549
-0.8230610240439077
-0.5274032243742977
-0.16002947391778058
0.13695652478305229
0.47238590856163026
0.9350114380471305
1.5041048938881212
2.1217310375528813
-0.1352215113465602
-0.5648455326493317
-1.089740738741859
-0.9918387225115616
-1.1071792718883373
-1.244551225893128
-1.7477140336833281
-0.8410445287872109
-0.30834962805711935
0.056356649389483364
0.33034232280374876
1.0475444421858973
1.835022901791759
2.5691656529873406
-0.49909145170158725
-0.8298776820314667
-1.0881901219600392
-1.2016143625123308
-1.2298835089378126
-1.2722335396779232
-1.1693966703819176
-0.7926840213271856
-0.2982243891190337
0.11327078435080039
0.5437245501276167
1.1107731295014551
1.7319579076500904
2.3932779640213906
-0.8612871398231792
-1.096476130576116
-1.2679241552288851
-1.3029997755509444
-1.3352596097935603
-1.1217114864140172
-0.9046877766691086
-0.5703579702866256
-0.24427590391329496
0.23525040502112146
0.6506439145103733
1.1044056048591504
1.5993641058997246
1.9514625625501285
-1.346107487250896
-1.4504033789674577
-1.4924587142222376
-1.4126024645899038
-1.2452403095939995
-0.9557987888429353
-0.6513696596335048
-0.33049703147221315
0.017325953893948785
0.3974413979485184
0.7689277541303657
1.0804795616007088
1.347093622030896
1.577518908537472
-1.8574613298682667
-1.8134292564535908
-1.8175303856656526
-1.494077959193265
-1.2406473520764234
-0.8147970236966494
-0.3710834455608769
-0.11047637675965699
0.23018244117463113
0.5115415862483932
0.9118676102480341
1.0052120035146785
1.1739246044676324
1.2227153985410792
-2.3799070300560463
-2.1684613159726775
-1.885409378047919
-1.5355393419297845
-1.1487594148566878
-0.7309072023891056
-0.34326750851789195
-0.014030791479664005
0.2701954512881501
0.5229937219500613
0.7293105477194168
0.8493593180292046
0.8850319223999529
0.8917747802833954
-2.9787944257127514
-2.465556176980868
-2.0066981691283408
-1.56511531583616
-1.0638844770474971
-0.6679893214401299
-0.27712760255969965
0.02864327033504896
0.3289569221005226
0.5072131465291161
0.6481582379345765
0.6931670802591235
0.647459036258206
0.6159981029596605
