-1.5033844815503667
-0.8144387046428695
-0.06908926073619724
0.41779608412325847
0.9798990417216383
1.5811447968155947
2.3822801366639013
1.9426507924191583
1.6686832819062565
1.3735875375030466
1.0747918287352936
0.9929013380745395
0.863939642126482
0.7803633364595751
-1.4693694048824277
-0.8502261668423965
-0.24972706018848861
0.3167848932655489
0.8431938304237493
1.383065948370569
1.7459150552936293
1.7737950686138335
1.6002207628864213
1.3676893607363707
1.1648026700357663
1.0400140283930273
0.944306283020467
0.8466716399614869
-1.4347818497455285
-0.90697149503334
-0.39450117079762925
0.17040155527716175
0.7177541668079481
1.1340133379464081
1.4715882117432038
1.544493084563209
1.5641291760673963
1.3567036478554948
1.1834349734648872
1.0945569085633873
1.0307642628022309
0.9404930215692874
-1.326819858416721
-0.9181666692675312
-0.47579779282887985
0.01681387834826283
0.4949934466649141
0.9299036216871445
1.2602255611099853
1.3838023299909403
1.3813382925138946
1.3289056451452095
1.2365732387132111
1.1584627737721063
1.0825217138953516
1.0102779839414429
-1.2519205651971486
-0.889051355074603
-0.5791291484829272
-0.09996952345049781
0.3098125206598668
0.751587434946922
1.2457849325586228
1.2136866917792664
1.278104190173392
1.2479342926268209
1.3054852118584084
1.1492178738621055
1.1230481321407995
1.036319213510593
-1.035615096621778
-0.7802145792780802
-0.48036434417156954
-0.14662170679697115
0.20158144996467192
0.5502000323362947
0.8294868249469303
0.9676738197511393
1.0206183724036761
1.0495014642263618
1.036100633499732
1.0157273420300843
0.9806543886720206
0.975397480669255
-0.8691975093228359
-0.6697281224074797
-0.38788584265657605
-0.16447509636278226
0.08578319611018484
0.3509276700584565
0.5596701904758493
0.7020086568748889
0.785990430671956
0.7878298012150111
0.794770441086849
0.8030937657041677
0.8387095726746476
0.8329551949628371
-0.7835323268141309
-0.6199718288213945
-0.41174874579244797
-0.19184738721071254
0.012986316256764826
0.23095086821147343
0.4148241309402167
0.49283903372979093
0.5263399924388392
0.5444873829722768
0.5360146579920606
0.5318105542056616
0.5425638276675768
0.6288550092871092
-0.7702017371477411
-0.6484305692279854
-0.42354921493148784
-0.27224798952103335
-0.05771009250891804
0.11770098519484107
0.34924089277619297
0.2824502975423925
0.3056741780510525
0.2626024121623108
0.28925855592265765
0.2102436677815925
0.20456015614218553
0.31026186207756445
-0.9392220473811053
-0.7831453276122723
-0.5992304295817522
-0.42386679068575295
-0.24373451024059178
-0.07942491064483212
0.014330009872880071
0.01609693915792866
-0.03606477487959166
-0.07255183828601458
-0.11738274730798731
-0.16344642600844475
-0.1897966217086183
-0.1565104534573398
-1.1662222530716218
-1.0087970519988283
-0.7846628876826568
-0.6160562298177992
-0.4394933726292284
-0.3071163146716081
-0.19820236336078742
-0.2490080867367181
-0.3671234911594205
-0.41451503727476197
-0.5028286906089429
-0.5960786623796717
-0.6454697508741675
-0.758359749820915
-1.484238478733934
-1.2776872069688379
-1.0669748340546008
-0.8408126318014152
-0.6478361224419176
-0.49427403205518233
-0.43170493318937714
-0.46437040034285243
-0.5786913822661564
-0.7210215464575408
-0.904966579370381
-1.080632474961727
-1.2604593017327612
-1.4242202595586282
-1.8244854416474519
-1.5694832615163905
-1.356886904873758
-1.03455112412849
-0.8163173088389806
-0.623796085678311
-0.5569324915411503
-0.5909389063245788
-0.7458383295010081
-0.9660448770180464
-1.2934412970146574
-1.549028205758316
-1.860097084729882
-2.1511673175909163
-2.1043382326901043
-1.8004088407616927
-1.4775444336676675
-1.1360865408926923
-0.8305993690260451
-0.611629855124964
-0.5206683894871325
-0.5750388407243444
-0.788117402940105
-1.1186869519337905
-1.5387763151168137
-1.9841597907617248
-2.445795760477642
-2.8766540825129816
