-0.3063057172176111
-0.1071936286148412
0.11203251280164676
0.36590636508313557
0.6885593114924465
0.9866124892557667
1.3951192136362824
1.8011268676734686
2.417989166523394
1.8910321101808099
1.549323817039725
1.175923915599532
0.8059334311302069
0.6439309703460375
-0.22692086933103614
-0.11354406480671939
0.07224024843209075
0.29379152511580847
0.5698117069416536
0.886071553567996
1.2300276154192429
1.5975213339762202
1.8152470051041203
1.710614295862844
1.4496932463318033
1.160449456993772
0.8995763299864451
0.6983357257484125
-0.24949601720037717
-0.15044366264697515
-0.010128440722592948
0.1772539074572751
0.3969626258496522
0.7154402648599264
1.0482042839226053
1.3169148860728492
1.5191271522583576
1.4752993560194085
1.372215217252678
1.1363882802675171
0.916897511100203
0.7715232858727199
-0.3084121485632767
-0.2428067937492427
-0.12967649311594157
0.02730536581112121
0.23560845627426713
0.5313625896286918
0.8429414168377517
1.1191361365785555
1.2945300557952437
1.3054892471336366
1.2159757951672192
1.0804693144724893
0.9377358474439434
0.8460660843630644
-0.4360203450997351
-0.3972925511955996
-0.2910602491030139
-0.13946318698595034
-0.005020058767630305
0.35427785536681206
0.6813696110474321
0.9454887803559359
1.2215903155262924
1.1679038619775917
1.1238066343664819
1.0302923379655184
0.9219172517471979
0.9154601605618973
-0.6923440995644184
-0.6200197053917892
-0.48256402016249217
-0.2962882719768582
-0.06556278414253094
0.20489764802099322
0.4897087308243431
0.7514783334914077
0.9517668126740421
1.0235420156467632
1.0209516188389716
0.989001899853905
0.967741279494065
0.9716379627994286
-1.0134324846895562
-0.8922269517281824
-0.7254745494484994
-0.4547398137339299
-0.178335680339312
0.06574002992082319
0.31740610740596986
0.5748285898514256
0.7932212498636753
0.8704906792298961
0.9399917528209323
0.9470523603919637
0.9863839751658798
1.0054802864239496
-1.3778376501259118
-1.1967888963203488
-0.915926551504542
-0.6185429688100572
-0.33765825149423495
-0.0897595989727755
0.15339701747283185
0.4191149897850322
0.637243372766625
0.742923193094556
0.8005889110969182
0.8685136623062842
0.9345816257965169
0.9841073510761946
-1.909994472485239
-1.454210728941265
-1.1333273471897387
-0.8101342394822637
-0.4459484459934643
-0.287316940964469
-0.043066044693638554
0.23529092589894476
0.603717092692237
0.5685133297911026
0.637383661065788
0.7245476951089526
0.907101681279145
0.871421350678999
-1.7355625314349146
-1.5679723497837967
-1.3066625837980854
-1.0461687760070133
-0.7916044390213036
-0.5590425094398551
-0.3231650184863303
-0.053556692713504814
0.16956758149881668
0.29542828752440553
0.38479745841141605
0.4932895030981705
0.5909443506067981
0.6503796737019978
-1.7367430163661979
-1.6185235141356222
-1.4790561821034172
-1.2868960133709535
-1.1101353889373808
-0.8722321288242516
-0.6338318465724643
-0.3909117476350563
-0.15205170874018098
-0.019687530237637932
0.11064353321829565
0.20192564344185607
0.3147596076524102
0.36052169765134856
-1.7488869664302518
-1.7080909729641458
-1.625590619140144
-1.5291803287788674
-1.392576103470918
-1.187052893686606
-0.9481991175775307
-0.7113778483850105
-0.5018643688416695
-0.34996923835729155
-0.22701362829923274
-0.10961157129823533
-0.008020219262849541
0.05000854445126203
-1.8125417859504065
-1.8132428864321708
-1.7863094279486709
-1.7305807072841675
-1.7410216464011528
-1.4570875558543044
-1.2564737631928176
-1.0215043118620761
-0.8085636448596855
-0.6811113115416372
-0.5613209979016757
-0.4209007535893702
-0.28451475588356384
-0.2593422603964547
-1.968838688399657
-1.95031598387303
-1.9186758806830075
-1.8756841896139167
-1.7984951872402004
-1.6566192415078307
-1.4919526311868163
-1.3234111732369034
-1.162234658318995
-1.0115267674532185
-0.8681903508221445
-0.7274363473515679
-0.613888827744468
-0.5555488615758444
