-0.5418372848531905
-0.6163838487126923
-0.7553575948622379
-0.9632165943965745
-1.1796766952713016
-1.364017185970315
-1.5661211138138855
-1.8323864233326697
-2.021246208984673
-1.9750272347500253
-1.849613184705593
-1.7692376550765117
-1.7109625152209842
-1.6688549065709977
-0.17397247450097336
-0.30093403554412995
-0.48680368808706054
-0.6397144789321338
-0.8261133819228115
-0.9976883840972343
-1.1931028201440947
-1.3558380759030568
-1.5132127706948337
-1.5707516712370224
-1.6249101696496067
-1.6461395949580158
-1.6906357356530917
-1.7026287169642769
0.1937038166352398
0.06917111037782028
-0.1129326071689303
-0.29088174668491806
-0.4621068967497927
-0.6150698375801942
-0.7550418826437654
-0.8761451725236186
-1.0078538357684987
-1.1569141347680423
-1.3185247910735387
-1.485378185342289
-1.6247569637009045
-1.718553887732335
0.6865890589930667
0.46535620774747827
0.25691508718074446
0.08305066833744112
-0.1181005463866841
-0.21872723203241284
-0.3313412207368904
-0.41074101112081884
-0.4660135609723291
-0.7454994055986988
-1.0150064066923004
-1.2812065312025607
-1.6094852914301891
-1.7135420271725048
0.9973833445541017
0.8668623251548025
0.6671657511700201
0.47361481955928275
0.31268238212160115
0.19956847311340528
0.11876741420059037
0.02851955407502625
-0.11415612771337903
-0.35139848673406826
-0.6711512211808945
-1.0238142057538757
-1.3758871556994086
-1.6595459941392978
1.4363227862517454
1.2445587797444821
1.0720994644157675
0.8434932485271952
0.6815305325011758
0.599312151724382
0.571241986933888
0.47978292841128545
0.34965804906606857
0.053470167660181825
-0.2827881945242546
-0.7493068772328515
-1.1936452457853406
-1.5733056236972078
1.8287576150393199
1.6144137830796192
1.343097716778335
1.144181454468547
1.011276786424658
0.9340644885179785
0.9201346195271464
0.9635754017907
0.8946500135132709
0.5154527345790573
-0.00437062956659482
-0.5101883634824985
-0.9944970026449209
-1.4727079088774326
2.428162019846866
1.8131631160528783
1.5400797391047016
1.3164703291950568
1.2792899177244368
1.150400571567625
1.196234101869526
1.2833101891030405
1.7376950014121921
0.8309304713341176
0.2484668452790054
-0.33457689627029674
-0.8204024049495964
-1.3698232423298151
1.8597999407974821
1.6865018841718764
1.4536856104565652
1.3088040231401523
1.2273529721175627
1.1736421416005858
1.1787210291768522
1.2434967481312293
1.1892906465778104
0.8082344988505956
0.2703615546361103
-0.24472473928101965
-0.7650623211298069
-1.2879312310906081
1.4756036583322703
1.3747107306529762
1.2837466143539278
1.1748043304324138
1.1393040253508717
1.0838952837605547
1.09108642361703
1.0353314859345921
0.9637982602251022
0.6266148281928221
0.28281449915911977
-0.22978828300638876
-0.7073909084247438
-1.1868550765400145
1.1013647024509094
1.053869377094841
0.9987999907926229
0.9694777310203107
0.9475393459957042
0.9129841213453275
0.8760214451950027
0.8327765611029843
0.7228082088194984
0.4694193031849519
0.12280394091084904
-0.2543907466661026
-0.6495872869427999
-1.0703451760355285
0.7654197751655496
0.7006126391641476
0.6976202589726572
0.7052745473345162
0.763502091514602
0.691084049488026
0.6619373351484389
0.6134877480309374
0.6335393880477148
0.2854121302180559
-0.017587911151124493
-0.31227357123638916
-0.5722934882102381
-0.9634347987073294
0.26105972731145477
0.28656009320397385
0.3336037103443707
0.3966089202036705
0.4417298068704503
0.4234093408678702
0.3782085053600297
0.33045003420396774
0.23627386640924244
0.046532538970373113
-0.1849460895196864
-0.4033924796708461
-0.6334909157485898
-0.9147519899889135
-0.2654280315990911
-0.14428478076937207
-0.03787037297708764
0.0972871308735925
0.17825430999147415
0.16068534930806683
0.10801570580755021
0.02074171992670977
-0.07990633716837792
-0.20602821267660948
-0.34819832201678486
-0.49675502979786706
-0.6619928146020889
-0.8909195495524481
