0.75310404182629
0.7096288555428614
0.5660662548864706
0.4269292991451913
0.3688952977853226
0.3665000340403152
0.33260101972849676
0.20318775193677077
-0.03597465386430675
-0.37251152411690164
-0.7144568641026942
-1.1270518873000173
-1.6995013128392522
-2.3394839057113286
1.0630642113820794
0.9845991551152934
0.813273981255412
0.613026560258628
0.4698166040803498
0.34005603755159447
0.22929250871777695
0.022668036093657563
-0.16876615181057203
-0.3857703231283469
-0.8255535631923404
-1.286809793079346
-1.7980794472550994
-2.310640384191783
1.4226988816227353
1.2444845150781687
1.044296382784076
0.8206119165396268
0.5988097141992739
0.3918092131143775
0.1909299322684939
-0.03234339953494895
-0.24499683067821357
-0.5449894296748495
-0.9533534614330444
-1.410487939769456
-1.8563574184019676
-2.273673036152786
1.7099098610453694
1.5254571846064995
1.2132811113505306
1.020595671602095
0.6739619043032703
0.41491135923789463
0.17744251150942456
-0.058986958366471956
-0.3034872603116122
-0.5983923451760232
-1.0349419702466653
-1.5503479357828842
-1.8988022327598935
-2.315296149797803
1.838586564228781
1.5954881740305489
1.2741166769313939
0.9603623399551333
0.6631467499344961
0.4173459526339216
0.17665249633672409
-0.04693399203411744
-0.2980404781054306
-0.6033319160119707
-1.012798563289434
-1.4408044245442126
-1.8408905899957735
-2.220568571799573
1.9072150128631362
1.7203292432677928
1.2567439199655284
0.875414203987633
0.6305072971237524
0.38318711291783597
0.1872558376550303
-0.006275974119925776
-0.2708442538164308
-0.5478801889950596
-0.9205825009120817
-1.3222616959584153
-1.7261134264646718
-2.2112268339852394
1.9968016606703207
1.5880096475347079
1.2005106319173586
0.8467088980017076
0.5717309360421355
0.37599914765798037
0.1955061894801743
0.024325316754566142
-0.19567328378552762
-0.4667931491068056
-0.7798660785119468
-1.1560471840298725
-1.5527250149311107
-2.0252050093274825
1.8920892123559814
1.4750258737275919
1.0243438898758614
0.725232870497872
0.4736739000459939
0.34426030711759686
0.16536895372424418
0.08947120945238189
-0.15454591237099236
-0.34583428842137304
-0.6120001240658253
-0.9457574865363777
-1.2515130206632965
-1.754030745130095
1.4422272531245046
1.0854660058961423
0.7369622079502051
0.45155093466600743
0.24497733499197372
0.12663514403530268
0.036951511838999335
-0.05470931923513326
-0.1584705228951069
-0.27252411600398563
-0.3871767417141476
-0.5484711683599238
-0.7692032819620775
-1.0471811219670135
0.8426901989993885
0.6559754623379686
0.3365819320415408
0.054319999023155076
-0.05151746671277327
-0.11151357434239507
-0.14533085243224708
-0.1745224410934259
-0.16987090124528206
-0.15871753326953056
-0.12605989043175447
-0.13420550247334423
-0.14202862657289014
-0.2390715536752251
0.2572031389397779
0.17012305205307776
-0.07042306913892342
-0.2725662564274069
-0.3515415308703162
-0.3507678682768628
-0.3404797268989256
-0.2779012806570087
-0.15768838768009735
0.009567038004136608
0.20158016557380098
0.39140837935868883
0.5736744046695849
0.7814137075874078
-0.2146841432542305
-0.2070222762949503
-0.40346417240053917
-0.7467524455360193
-0.605173714869962
-0.6073955286300705
-0.5068542165089738
-0.42846686896851155
-0.1659022582910741
0.15867742553895564
0.49246726946611036
0.9269410712859171
1.292328631312929
1.7725926867092854
-0.5372924229794794
-0.5051294120809048
-0.5845519118343766
-0.699965240590916
-0.7020355580994222
-0.6667951153584227
-0.632177657480853
-0.49897135240514384
-0.22177088955688273
0.197428017928204
0.6972682401505873
1.2690266974112985
1.8847368612437996
2.532399905867302
-0.7896322411530495
-0.6707760485865377
-0.6629068598696288
-0.7449959855901974
-0.7229219668496838
-0.7511399189215056
-0.7764850928260619
-0.707989859439385
-0.3119256506779725
0.12371464328669782
0.8126594546906991
1.5363607165183324
2.402414204119545
3.3490786970643973
