-1.0715723987916719
-1.0797947292600043
-1.1073505560051697
-1.1671012707166064
-1.28151215760786
-1.3597554280201445
-1.5316912489201249
-1.7352751540793179
-2.143274260739621
-1.6981068869977667
-1.4532707686782278
-1.2557320888666084
-1.152699537457093
-1.138183823193181
-1.052657267445861
-1.054436980494675
-1.0720917342779852
-1.1114420358274995
-1.1753678573971893
-1.2589114044295888
-1.3734797100442584
-1.5279277874513546
-1.6066752841032224
-1.4904735896499213
-1.3010233929686428
-1.153853269177231
-1.0694822299578897
-1.0562596057505196
-1.0295545648575217
-1.0085002506796337
-1.0048001447452932
-1.0064720315603006
-1.0422863415977623
-1.0882595983738517
-1.1846825026561916
-1.2217539367408177
-1.2599999462861982
-1.1823751288809075
-1.1041930792019854
-0.9836968551072535
-0.911202164954935
-0.9138237952233953
-0.9758696705055903
-0.9400907404745469
-0.8902116782562214
-0.8598423780016676
-0.8464346575895851
-0.8584102199818308
-0.8865799159218777
-0.9115379002068333
-0.9169951164433026
-0.8725688770526737
-0.8143092683214528
-0.7559897572405611
-0.7256985799127432
-0.7450257759684156
-0.9629688784059741
-0.8624777741988787
-0.7665548843626909
-0.6963091126571426
-0.6283473289435237
-0.5892078912286605
-0.5829295408004553
-0.568705071229155
-0.618030567272495
-0.5368078421681863
-0.5172812682350514
-0.4960034703390932
-0.49722189775611786
-0.5618585276858449
-0.8660716396130121
-0.7831008823645205
-0.6577492130770652
-0.5225622362142933
-0.39274749722117297
-0.2907657621242333
-0.21574719359035277
-0.16440272490916114
-0.1390370346235799
-0.1356745248031696
-0.15963475278369554
-0.21254577358979532
-0.29050794773975563
-0.3871791507129633
-0.858718858470613
-0.7220926358701298
-0.5508524861404444
-0.33644872623283095
-0.13573480263113094
0.019486157421192873
0.1835318707279753
0.28363496656250564
0.36444728953776057
0.3078175886113946
0.22796081658584819
0.07525754201146895
-0.06237575025133441
-0.21523459231758585
-0.8879635652820991
-0.6982742745571472
-0.4149054928346029
-0.14102246833732868
0.11603521382322922
0.3260721571424629
0.5280832632386508
0.7597618506722947
0.8841166098953951
0.7746260646798192
0.5521718873284304
0.3430303402223843
0.14497836535555703
-0.0316763611086701
-1.1025761928552673
-0.608037044191899
-0.2769496874231681
0.061471916164922424
0.4089815988807279
0.596572318114367
0.8471331724728499
1.1352450850851128
1.6462031290601018
1.1524548039629172
0.8633870074018745
0.5997130251452448
0.3369719811721816
0.17162314365757253
-0.5695505594341995
-0.36449447865032664
-0.055848646683014966
0.255436550445936
0.548589789274374
0.7957541414387987
1.0362215115075868
1.2940549563890007
1.432977628015698
1.319735466393047
1.0791090194296382
0.8469149930513621
0.6251902570610367
0.41729400243049575
-0.24526018441372435
-0.05891171013354691
0.16780421199591353
0.4448280611452539
0.7252630605997586
0.9600683696813043
1.20682088592052
1.366001712575648
1.4747403433884172
1.4085943153645886
1.287640687389499
1.0884453582181761
0.8933547588410737
0.685804232338699
0.06953972508918761
0.200966088780663
0.4073010349848966
0.6389287963791423
0.8806209254957963
1.1109532973781382
1.320427201834691
1.4855617213525996
1.5770518138229945
1.5509303866914421
1.4531158683349366
1.3250450711422077
1.157751477097995
0.9593869701281569
0.2568989003380136
0.4420128318115156
0.6240624859385175
0.832984384155589
1.0387081135379794
1.2708851736962827
1.4710837430401662
1.6453556305402615
1.7867040261743738
1.7285375071059297
1.6560282173068321
1.535512870922579
1.4605454291250892
1.206413155908407
0.5896240213131552
0.687731373769454
0.8477796868819277
1.0318629336855227
1.240217826385358
1.4616104245291066
1.667540542007593
1.8389259072435442
1.9297558903780374
1.9107178048572138
1.8211854337192868
1.7062096267558609
1.5661379255315373
1.3959005185196245
