0.4426679997523067
0.6457600542353219
0.9333631244965996
1.3181350894579726
1.7746199702517704
2.2999792955981997
2.6069794964414132
2.424791279001116
1.9930080683749851
1.575235726429944
1.167432379064834
0.8162234532243063
0.5015747581758712
0.21414407277951705
0.11178633813289457
0.3148189437697262
0.6020308189695935
0.9883632602667072
1.4426954820754248
1.8234088758591493
2.138543656358164
2.029939217588525
1.862916446744402
1.5217906748968903
1.2408406815981643
0.9060871056514425
0.5897302649978883
0.38938040872989205
-0.3330830089379418
-0.10668220317024209
0.1841447950364575
0.5704540707723849
0.9981755937912686
1.4199998357720074
1.6938279928274302
1.7050238439082241
1.5642166131200477
1.4060358570240563
1.2236056275768454
0.9665198546858765
0.7105223046309143
0.5115547969741709
-0.8287105668616043
-0.5745051768267024
-0.31442851789600756
0.1424666233228276
0.5624938328782297
1.0104339448812554
1.523180641799856
1.3641396375101125
1.2740339929696685
1.2315255250212829
1.2570341971074004
0.9653795539196676
0.7837226485392278
0.591653911050368
-1.3471832757606428
-1.0274434991525057
-0.6639706490290693
-0.26974931908990346
0.1332034131167745
0.5313137720905453
0.8331393894201798
0.944891557376532
0.9577648087124159
0.9754281413506406
0.9603344791858273
0.8657800606488973
0.7399227395535274
0.6336937369353343
-1.9252346660395234
-1.4677215761328402
-1.05938182011742
-0.6554992355155
-0.28279602458506975
0.05885946215997405
0.345756445124702
0.5291074828378743
0.655639948369578
0.7090038171798163
0.7312312847607996
0.7038167625377146
0.6863701907967054
0.6299768829609671
-2.299186434746837
-1.857334161897008
-1.4364689675711537
-1.0156145735133006
-0.6329507445691616
-0.3373913496006963
-0.07436480610441201
0.15441999405684678
0.3460172793002994
0.45301764040781045
0.5130679013144102
0.533429492635917
0.5497405396205579
0.577721574558203
-2.600950870006034
-2.0769759503734075
-1.8221701310290923
-1.2581969240769126
-0.9202138723264306
-0.6022727247632608
-0.47215242538698576
-0.11146481926085555
0.10716688077619382
0.23072811574674273
0.31525978588889025
0.3555459849062322
0.40779428595135697
0.4597229279197356
-2.456900739185266
-2.024836245861911
-1.6410142776631031
-1.2838155752922318
-0.9445034713971041
-0.6776804915561777
-0.46072251102863526
-0.24422404946968423
-0.06747362111807789
0.04653118460529965
0.1192648588528559
0.17137987558603668
0.21211140123237537
0.24948787959504906
-2.2257174913613675
-1.8137749603025561
-1.4548507606894456
-1.1576309750014209
-0.9166579750252524
-0.6421021609317374
-0.42580993011787355
-0.27974510526514956
-0.19459151087748675
-0.09416900044417263
-0.06027720128289837
-0.007357964632517371
0.022767659576586125
-0.00863525374320674
-1.821567314957301
-1.5496285202123816
-1.2598123722292989
-0.9899897281488678
-0.7562201294007335
-0.5427104796757893
-0.3678591633685958
-0.26435456746920727
-0.21350249755079168
-0.18513599711342996
-0.17711289165028116
-0.18567113532354537
-0.21706520070517668
-0.2822993918015301
-1.4658377209315492
-1.2652710460115661
-1.0452400053263662
-0.7974274869759904
-0.5651134491050734
-0.3843896485189142
-0.24886108595316436
-0.18396406639999716
-0.20407520445731567
-0.22440803434015444
-0.2791770494051272
-0.34941696718033705
-0.4197526135835099
-0.5536670414785335
-1.1867969827759142
-1.0100508400922505
-0.7925789530489112
-0.5728762607159888
-0.3555811682757345
-0.17053274356049333
-0.04704556732576888
-0.041492021235680555
-0.10450876700059802
-0.21958728772525704
-0.3666365043347293
-0.5238628925983735
-0.6782970454096714
-0.8343239134184879
-0.961776325552626
-0.79078391580528
-0.5465029231729159
-0.3548088084342209
-0.12482339765501439
0.09643574536692069
0.24848567407202793
0.1641552465598413
0.035274791097888246
-0.20972899935006492
-0.4490991016750028
-0.6845555714175436
-0.929849131232801
-1.1189342351139027
