-1.2592540082429269
-1.26722086099658
-1.2822302971542598
-1.3058479206159825
-1.3456483335192375
-1.3913603371834509
-1.4570188723592272
-1.563624316188249
-1.5876436736808033
-1.3964129766587632
-1.1215610458719885
-0.891543359807309
-0.7132963585509063
-0.6065400975207226
-1.2143972578618847
-1.2067587040000545
-1.1993160077489866
-1.1796298464936439
-1.1698964916408607
-1.194156662923456
-1.2364800309078126
-1.2294831491048142
-1.2142435437972139
-1.0480523103261379
-0.8782289724410748
-0.6475456069539652
-0.474303064026588
-0.36452934574998574
-1.1777918605919817
-1.1528103884106482
-1.1057865658738
-1.0473634600140729
-0.9946628051346763
-0.9683326453930642
-0.9461137683487645
-0.9102463677095678
-0.8375121675510203
-0.6998575953842322
-0.5299406119278622
-0.34472575186256493
-0.17869573633645008
-0.06422257949028631
-1.1691936691383458
-1.1125059668049389
-1.0235073066890212
-0.9184310663356092
-0.7918058885700721
-0.741260405622818
-0.68072473309648
-0.6006764352318059
-0.5151719826004161
-0.35465763252887106
-0.1904075434982579
-0.01135399485393839
0.16383583417464798
0.2626225276805583
-1.1831142163737915
-1.099608422624266
-0.9699290283383707
-0.8214379369249634
-0.6710762884740205
-0.5347268850708256
-0.40804985413334427
-0.2868437260536901
-0.15388510523798107
-0.008740328768007385
0.14759614015399972
0.3151295980927781
0.47362328073341164
0.6047646154146196
-1.2727739538485152
-1.122028836122392
-0.9359127147744367
-0.7279357102985748
-0.5276704906024623
-0.33647128426527856
-0.14037688741005663
0.02809223907805818
0.1959244814555017
0.3343181196736242
0.4825615482566069
0.6321584508339066
0.804042960242011
0.9316844160021802
-1.3776527050786482
-1.18712421853392
-0.9039967952173038
-0.630207490582562
-0.37363488201797096
-0.14145358102844968
0.08582950546998278
0.33247831107478937
0.5484161725496736
0.673408316517603
0.7775699110005084
0.924548315362049
1.079296257953119
1.2281037500272065
-1.665095650036459
-1.1968375541862786
-0.8649655731464189
-0.5334301696102177
-0.1851073532172542
0.027335701985921078
0.28701402752594374
0.5853637328975985
0.9917856040480938
0.9506512313410963
1.0323832823418502
1.1675546079648125
1.368461530010577
1.4568349776225131
-1.2782710697044042
-1.0761348845330452
-0.7675629858092321
-0.4446017258472005
-0.13602462376611948
0.1449640849020378
0.42443811160877604
0.7232638699897236
0.9719469170234886
1.112291357987264
1.2097115541180026
1.3348985323855185
1.476600776061375
1.6040007816698423
-1.094994888459788
-0.905905078398062
-0.6754571822973876
-0.3647095314895336
-0.060056972386019494
0.24155579105295416
0.5480401830685138
0.8155158047188619
1.067766166721585
1.2177572884453638
1.3525509286865571
1.4614811174172078
1.5972940319653044
1.6927939657235285
-0.9207336120831991
-0.7742868743242836
-0.5411179236597089
-0.27016771651064303
0.026676728942084404
0.3339742698305405
0.6431326161959459
0.9294487012147937
1.171521863804134
1.3329713888888375
1.4494014069475747
1.5704643664209026
1.6742411337331586
1.7502559228060908
-0.8876984313328881
-0.6737180229113406
-0.4377830125276763
-0.17909765783465698
0.0985703309478268
0.42169288562710383
0.7512351727908257
1.0385427070760715
1.3585459347531392
1.43981722793069
1.5433026972938113
1.6415901360143395
1.784101189351128
1.7679226628348017
-0.7217428717382677
-0.5907595776327126
-0.36825148830409044
-0.10471977848750078
0.18932516933658025
0.506758002035965
0.8220291186934185
1.1173485986596603
1.361321541347532
1.5153568629129164
1.6093547359686335
1.6782993296476043
1.7291703828608787
1.7423439982107105
-0.6909288907881488
-0.5387093313234042
-0.3357201560933968
-0.05322374417706599
0.2597380172248202
0.5731084577601661
0.9083433456577894
1.2018838880381206
1.4593873433363573
1.5897586566407453
1.6915761053545244
1.6891213471059827
1.7012539501938089
1.7032991503015928
