-3.60141141263226
-3.0362099756649252
-2.5293550527846467
-2.015089044156075
-1.5545381873242676
-1.214743919673295
-0.944957031338765
-0.6885927225584012
-0.5055144673473031
-0.43930976745051503
-0.44362899343874584
-0.5161214198354508
-0.6091304816648548
-0.6747896238878688
-2.9472540015232593
-2.4072848707386045
-1.9231467217830571
-1.4873864266196077
-1.1118857425817388
-0.8311624078398411
-0.6251274392471419
-0.4210825852664864
-0.28848012087817043
-0.28494416539405026
-0.35348226487734
-0.4672488303114253
-0.6256733799462578
-0.767968880616239
-2.1553263707281176
-1.6974108089412558
-1.2430933729956117
-0.8964936278417268
-0.6072827413134823
-0.3701492177144874
-0.18564244511238323
-0.08760168473513456
-0.057115411076283505
-0.06741027427720159
-0.17203454474664576
-0.39204745120923506
-0.6597009148667233
-0.9109579730050291
-1.4712769862750692
-1.054179292321436
-0.468699422837726
-0.34162724659119814
-0.07187847544541574
0.13312157545247075
0.34127567333572884
0.2983356079610766
0.23942669453803464
0.14889654662935387
0.13594442483131236
-0.3388405211652034
-0.7231484480406271
-1.0720281749812395
-0.8827399683334275
-0.5729447270119636
-0.2128361225573973
0.09550055245335008
0.3773399542836101
0.6206904269898281
0.7588861194569841
0.7054592141133327
0.5279138359656498
0.29965134491615325
0.004250915266754481
-0.38995570606766394
-0.8062614427573359
-1.1840718471836658
-0.40364581925284637
-0.23769266917517698
0.07222520074901838
0.4028663625155339
0.8450880825333925
1.1330532107863869
1.3487134839253956
1.163621498888409
0.8831959752829505
0.4303350691618821
-0.03445721764808225
-0.4517279553798891
-0.951064964211282
-1.291103885122137
-0.1419210610948371
-0.026109084938425883
0.21306981810106937
0.6021641970449099
1.1177417521722457
1.6956088907909022
2.00896877231583
1.7174296590782783
1.1155701682513455
0.5528462789763112
0.022152315818210866
-0.4436849167799545
-0.8937212423675491
-1.4135983490037707
0.018882577160607768
0.052002508290716086
0.18405639924341177
0.6816646736116532
1.3279869896511667
2.0073476252894733
3.2824745854468675
2.0356444847964017
1.3317257031924041
0.6589243268838276
0.012789345592531266
-0.3402024769303953
-0.7849367117347649
-1.3624367932140107
0.0035454888285731396
0.03699221446587343
0.22795948831306356
0.6148559565883133
1.1414510085872978
1.7367901830183452
2.071157479237481
1.8165223600846778
1.2753401407166287
0.7392658111148462
0.2590840533878301
-0.12133352003071889
-0.5011617965662776
-0.9374752591496796
-0.10791580742207456
-0.06963853663043745
0.06889619069745713
0.4240668216740219
0.8731500070423847
1.2133627539482168
1.4722440399992305
1.3827992731422072
1.1981399451626642
0.7968377228526765
0.4266241948840954
0.15377238007903854
-0.13741156991378686
-0.34819047117813573
-0.3299684896989158
-0.2824316990361424
-0.1317412826730573
0.1448670633332184
0.48530327316693384
0.7904240317485522
0.9980349753355461
1.0361794389707772
0.9630961990664344
0.8045036573189678
0.6208949962529597
0.4590715603035506
0.3143589015063296
0.20873517825676557
-0.6108189614994987
-0.5569473655882529
-0.4629236871501748
-0.17661020048892095
0.12480692964685051
0.3959417325820286
0.6952217212504003
0.7274517451338803
0.795190900547567
0.7699878645453972
0.80725367066048
0.7421787296879062
0.7253875770035183
0.733659834780583
-0.9168960415712852
-0.8526757777543412
-0.7312513512669485
-0.5317472577324919
-0.2990693762114654
-0.048342586353463536
0.19190562862547234
0.38349180169932745
0.5390547020708638
0.6910233447777197
0.8463925191594495
0.9969261747961126
1.1318847907384795
1.2534208443390231
-1.267307145191287
-1.1690601146715616
-1.0630336109411334
-0.8836055460358447
-0.7255285655327581
-0.48792236803934214
-0.26469347476488886
0.005601281142382792
0.2835216421941847
0.5855888257994867
0.8860430806099249
1.195123727445356
1.5597663084340456
1.7702851589591053
