-0.83639026124958
1.428891479931283
1.2867651780250378
0.6754204466329501
-0.43799078413198955
0.2705022242385522
-0.01499365594997851
-0.5918183608168405
0.12721579773225453
-1.0945984190114653
0.7468180143346507
-0.5667300716595123
1.169085320154024
1.4219500219513488
-0.02650356435245635
-1.3657725606350994
0.10104866289791507
0.37899699269231085
-0.007717879512998479
1.5504764822228223
-0.12533138539840902
-0.2783072471295295
0.18925491503512573
-0.9115431508485753
-0.19423168389044917
1.0843122381888064
0.06671164875101696
-0.2482365217258758
0.5977759674541794
0.6403758096793571
-0.6325001054224949
1.3075866277093238
1.327263394544017
-0.6641126481965304
0.9278803991492836
-1.5657819566057483
1.5690791034594338
0.2950182290202346
0.07008359999044372
-1.4518206747784033
-2.306907243722335
-0.3543958074580144
0.009637343681766102
-0.5862130706371343
0.06631314350206388
0.3711677279802678
0.2605878038747445
1.195471188065333
0.0515204104912573
-0.4931279661000951
0.022595614932826753
1.2791457621152138
0.09015795081987199
0.19958349852755233
0.14723859286534868
0.8910578099665972
-0.09897436754849535
-1.7894871712811544
-1.135503437143431
-0.7633416614828294
-0.2880545682154965
-1.4212421610159434
0.7090752114754424
1.0858494371145755
1.7415070968529085
-1.2112265243857128
-0.3660115973127017
1.7609671480564209
-1.3174349723987697
-0.5701099394689839
0.2999215020724101
-1.4864406514593944
0.04780736773458598
1.909824916740431
-0.0020183723306088043
1.3531300883092088
0.09760949553707003
-1.5264083695367658
-0.06733757706487117
-1.6718956039865784
0.31514077503445664
0.5756591311404894
0.2892340287233792
-0.11351466580440359
1.933315705149787
-0.05439781217852285
-0.21572258770071173
1.7263996765657725
-1.2111549837798734
0.01351844857933822
2.0759632643332897
0.5433310637000678
-0.2840098664700245
1.2614143226903638
-1.0660335510380703
-1.4551109894830037
-1.9323896271964496
-1.5481035664092775
-0.10321926968443271
-1.0809035762478958
0.03373178052670071
2.0498769071647227
0.2679089263430712
0.193579683897264
0.05755559412732019
-0.8823787471382902
-0.22180667893002826
-0.10443540607232132
0.04187600138051026
-0.9927328507160302
0.17207152491344824
1.2427412334070425
0.1910171140705411
-0.3911929444987449
-1.2350623263312999
-1.2034983549947615
-0.8492722656398092
1.7909868870357533
-0.2957853405331538
1.8451623075344448
1.642371833999845
1.1637656618347112
-0.5171284427065869
-1.3521463089795411
0.9966248482107272
0.5271180704789261
0.26116121792441227
0.40295423498624566
0.04183218899183528
0.012302998788954479
-0.05088955995067007
-1.2637785569115032
0.1275838866513104
-1.5165312568951461
-0.15691946412459046
1.2655533705875566
0.25805995189710035
0.6485265255466578
-0.010133560017143054
1.6457562126395986
2.162157617166352
0.5732756451414944
2.26209246444218
1.4340850244666858
1.2309884022886626
0.11077839837098465
-1.8892434463205663
-0.5530405281627592
-0.7457506062697242
-0.27320096427690976
-0.3898941815587801
1.36186220653329
-0.6616205683547148
-1.2109986211452408
0.018403583217504165
1.4910899183274913
0.014399894248236516
-1.283073296492233
-0.21466294446822012
-1.4941859405768982
0.018639648618009128
-0.08270453389555026
0.01181179630217982
1.491984868944351
0.06562576835096438
-1.736772241367319
0.15000903421778056
-1.5475281329167512
-0.2904060884269453
-0.8227252190787256
0.9608544496790189
0.32356166708928497
-2.2350517481827263
-2.020961395727058
-1.2542286013591684
-0.46394957635056033
0.7158008401362036
0.30728890092016
-0.45633126822591574
-0.4787827417815906
-0.5877467952064652
1.1780110711266263
-0.1357995565690678
0.30693011842041107
0.08094383931588825
-1.2070421886134535
0.2216941630160479
-2.15751326009286
-0.007265873165281818
-0.4696903375888956
-0.08926456902736678
-0.9531159479875893
0.02879087373849551
-0.7520446409030285
0.10857184728917287
1.9769312836565267
