1.3244622129186323
0.6776763728619997
0.6082147149854108
0.7759024927163812
-0.3523859047542062
2.196914403193122
1.6564772375872332
2.3276900359487698
0.8901605288712727
-1.4841454624283859
-1.3167163348538353
-2.380598444501489
-1.3042187910051566
-0.6915309523963276
-0.6194319324090992
0.054358718183239854
0.5384548061752715
-0.23152633390828287
-2.4040913313015975
0.007484408580450665
-0.6825568648944073
-0.15177422333348098
0.6083094722070573
0.015143744195200662
-1.0404266931386337
-0.209328778216704
-2.1080855384676984
-0.12581687233906363
-1.1661268334593835
1.361677241464684
-0.4913319477002347
-1.7611077718808748
-1.9633923503528414
-1.3488527786694167
-1.357452576632764
-0.354483480599294
0.8001971058323204
-1.1766343258663732
-0.15847706003137896
-0.4829856554986871
-0.030768487633539978
-1.6214068566061448
-1.8757467168324167
0.09457884564110604
1.0363699387124807
-0.12130964300602129
1.3971237031300334
-0.07953515025431052
0.24689360859049161
-0.11366297319292082
-0.4559639601662226
-0.0432050251999178
-0.5122449376724348
-0.13577169038291723
-1.1629562574017003
0.06457878252865105
0.37248593598631113
1.535825032258999
-0.7674308485378343
0.40794062386031044
0.06408335184711268
-0.9727463819298224
0.2670308468684096
-1.0093878657651347
0.32557175519655657
0.44554106204670885
-1.6984814500143832
-0.9738058595601691
1.2244060229484848
-0.94846624707807
-1.1094984225216082
0.00015340362796884704
1.9131596971267442
0.0833356759507477
0.47426329529027234
0.002159665063086928
-1.0461707028189433
-0.12870612341343224
1.3429962305819283
-0.2860345417003741
-0.8694725102372783
-0.11391406106634418
2.125129285021268
-0.06681249689850335
-0.8988344874928637
-1.665900678068609
1.8253657347613463
-0.28554226933391097
-1.81167372311468
-2.2432849742771657
0.7209260892826195
1.4373997078051848
1.0948136663469612
2.0697795980882723
-0.4126801564110685
1.695382980625112
1.3051380111834034
0.10276405532643379
-0.042150186921713885
-0.07336962797627923
-0.5471756165228804
-0.12522790962791466
-0.02198637681694352
-0.06152840796840527
0.8826371020088204
-0.1186684125975367
-0.4400584536508936
-0.05131742811342501
-0.00994083146024619
-0.10949646564833354
0.9566034558411426
0.02212715029008441
-1.5786533066384782
-0.5710452845942009
0.4643811369876788
0.940044149558933
1.366361607488503
0.29979646046567426
-0.44816113027889626
1.2835326066496247
-1.295618712860541
-1.452499689852704
-0.6488094999902366
0.8188719063986554
-0.4653791313331611
-0.3155665168942753
-1.1724037366133297
-0.08704124755739483
-0.7487919462396052
-0.24173669791137606
1.560495723293017
-0.30025412609000457
1.2344306096919786
-0.0490971073065755
0.3720532452254496
-0.21360152429525356
1.6670505802515103
-0.25445573581997366
1.2052161757601916
-0.17665147239706974
-0.5167426605028135
1.3656959635552341
0.2459258673241175
1.7474828061533607
-0.08059088883724569
0.03592414548307261
-1.4490934143703271
-0.045862159772090814
0.12776935885282611
1.2511304273079393
0.7076935032497208
0.6184723658324692
0.5506355405513194
1.852957439707073
1.3553521203597612
0.05460260821467352
1.821925460070685
-0.12559403124783605
-1.5044146129601101
-0.2688195806909513
1.5284380421675263
-0.11170045418034755
0.9076092631539512
-0.19559186992372204
0.8127699192351485
-0.10177520028946042
-1.6652673227375874
-0.1571597499491015
0.7333870850785937
0.005839821780960658
0.5678646709322724
0.7508456856403205
-0.38530519809455216
0.8083298252308068
0.47161041741155496
-0.2963958277771355
0.8557173887412532
2.036751844526131
-0.045660361093029185
0.11288961582032517
-1.7945258089642782
0.8487656987121668
-0.041636831291151456
-0.10242717070730045
1.5007731965765385
-0.31292340542747693
-0.9204164067937713
-0.22511171645956837
-1.272449592527447
-0.24976462868667101
-0.4488927058122587
-0.023730195280765202
0.33344405161604823
-0.10854689812391664
-1.752233235395457
0.0456871044872098
