0.1269377304512719
-0.09177924405633017
-0.3403787400368458
-0.5436742197022392
-0.6681526486136168
-0.8020499741788444
-0.9708337769358645
-1.2976035329534923
-0.49262220652068206
0.14368844466035008
0.8034665379133019
1.4859113530709538
1.9392722972362595
2.4944163867728157
-0.05511553675176419
-0.2258440788380179
-0.39883394966391583
-0.5493917535428172
-0.6680601254952254
-0.7546263733604494
-0.8247627504357844
-0.7365799595464995
-0.3353113621808016
0.2232134643974072
0.7952691340325457
1.343988301969257
1.8424832989689481
2.3165100596855988
-0.3353109623710014
-0.36168802315725707
-0.49729985636542695
-0.5991485117333702
-0.6413548733873001
-0.7172228267933713
-0.6209397796356599
-0.4722905413611384
-0.1298947324929479
0.2780419078572695
0.7868592214908202
1.267378835547758
1.7073370812759918
2.1195670782331413
-0.6220413623475336
-0.6287253433234713
-0.6223251914351741
-0.6023914576110767
-0.5897350601936594
-0.5575603745892598
-0.46910153399114346
-0.29698011034296723
0.006460251806047488
0.39411567514729784
0.8263130068877345
1.2429285069962077
1.5987653375526807
1.8879515047456032
-0.971107877650733
-0.9260007465433505
-0.7934178253740409
-0.6155391958276082
-0.5439057793024464
-0.4375171929490893
-0.32319341845130184
-0.2529576618227027
0.12459218671835273
0.47686213455956084
0.8519787784802731
1.2991849529199966
1.4685426187097679
1.7059242483085038
-1.4031038038456825
-1.2324951415986694
-1.0009656490761323
-0.7441388216835337
-0.5186149408453692
-0.31886255218440457
-0.15171099394189136
0.028321116425378462
0.27183999565727873
0.542088273629098
0.8150259197364205
1.0804504721780963
1.2839913073646603
1.4564347266958189
-1.9096455545748579
-1.6154770934787124
-1.1969268409517424
-0.8303314861574498
-0.5043291713607936
-0.18059396624323723
0.04696683096991847
0.26231730320377106
0.4351882690419795
0.5899537894120099
0.7505427855144035
0.9048764818903714
1.0759834907417292
1.2136855969121985
-2.4709960891555576
-1.8800349965221415
-1.3488546545343192
-0.8844899342449813
-0.47560583188302175
-0.10753405081995512
0.24216519065600625
0.5090121643514148
0.6234339922722322
0.6631295680324127
0.6981055617853876
0.7663201844872766
0.9130221112017244
1.069115762743209
-2.8083256283130766
-2.084960405309573
-1.4342748416412086
-0.8646847645880108
-0.46135510021750287
-0.02153312877678445
0.3602490785602314
0.9259264416824046
0.7478510295127861
0.7326084854830882
0.6709435871829968
0.5591370198766006
0.8207277096015486
0.9948401606327052
-2.6562353967277312
-2.0097016084945607
-1.4367008889720272
-0.9273758949390604
-0.4843785262888822
-0.08081402234646032
0.3044409045035766
0.5973289874569084
0.6982820176513335
0.705794258655179
0.6861145019060324
0.7165074383854974
0.8302524100276208
0.9742424145443529
-2.284812284302511
-1.8786835093643959
-1.3646337981730745
-0.9206153404181946
-0.5036192647933292
-0.13002383722787672
0.188644459108859
0.44583667835576085
0.588469015826823
0.6883536808899772
0.7160574638363416
0.7739924179459577
0.8886361415677588
1.0032687010243286
-1.991268796294279
-1.6347114862834855
-1.2330258239002096
-0.84293896175956
-0.4881630246074899
-0.17129525892028427
0.1137568361819996
0.34379292818393087
0.5164444425926316
0.6394839632555752
0.7163325520677752
0.805640415878232
0.9340120181860109
1.1040411307576772
-1.727813967093852
-1.4284153867126874
-1.0737913312077285
-0.7109376762925219
-0.43334246317822106
-0.17780106309362878
0.09552820616442056
0.3006600310073202
0.5142584022592813
0.6416103610655777
0.7480262993370203
0.7794640846502264
1.0141500801031413
1.190571579736152
-1.455079927323902
-1.2038824700859776
-0.9103100267256673
-0.6206352187361535
-0.34285631746369694
-0.07996031757278889
0.16433596901025932
0.39032796836533795
0.5783131284232144
0.7345440261840106
0.8477335073693056
0.9689075200736963
1.143440065106802
1.3331280516383042
