2.2096736463525595
0.9352026694980453
-1.2774367244289078
0.8109217234868601
-0.9206578578869082
0.7659517216816512
-0.8050189066568012
-0.41303473015341946
0.9343584068081721
-1.5050661083718857
0.7081727104576089
1.0593265061588655
-1.4170545355006543
-1.8678467924540691
-0.08619532256844926
-1.0610512441294826
0.323772780882227
0.25636643105306006
0.3578574709233106
-1.1075960206176434
-0.07311561240172196
0.9384174604791101
0.16832549916257264
0.9196509752035641
0.1977986160490738
0.2161514270277487
-0.04838625787060324
-1.2797416689623018
-0.7396392140782231
-1.1449110787173233
-1.228445649641094
-1.5324532658613657
-1.654835962856943
-0.88783260192276
1.716390090910079
0.48418834675654426
-1.5060099922848218
-1.1712483571598882
-1.7209243515038533
-0.6542004448366667
1.371029747910637
-1.6421444596811565
0.08122450312974905
1.0766819292204979
0.10739186064507578
2.0426255957487043
0.06884142292470617
1.5986104827623173
-0.02422351111401189
-1.7957049078561804
0.043821364404872803
-0.09419775219458502
-0.12827773358580577
-0.43455696240949776
0.06505729369810069
-0.5296120485520164
-0.6969262389587536
-1.6730518458039392
1.707593200310109
1.6692330417268206
-0.9655310986152383
-0.31511516277409735
0.35678353087505665
0.20830879603662958
-1.4034112525784315
-0.9423928125969293
-0.87601407055508
1.7608312053954052
0.5155207707000998
-0.8667558045203131
-0.1682024393319461
-1.1136563478061203
-0.1939056436908828
-0.22148241177729475
0.13484292183957594
-1.5750847294050638
0.3234383095410217
-0.19658655915152068
-0.1618272712503782
0.953759942864837
-0.1941537486281072
-0.14303437168345307
-0.292630202210598
0.094542795360458
-0.9249465456169846
1.2891625815862013
-0.9782848913253038
-1.5870999351927193
0.3504983084716954
-0.34364361826679574
-0.7532571742659316
0.9010792432146933
0.7273353165464576
-0.9017151823894288
-0.41079954339907343
1.382909025064109
-0.9068752868470813
-1.2672822533948123
0.05586950288638058
1.819858241164641
-0.15473680877639404
0.1326965175294792
0.10401345745524196
0.0827198456357084
-0.045305032301860525
2.257154946408926
0.06331572073520077
-0.5649378130727997
-0.27036471119719013
1.2126424734253944
0.07682942960197406
-0.16362824002093299
-0.4915497946959963
1.7730541068754608
1.603273820638807
0.2542867479482135
1.9837785064731042
1.1654315588553843
1.9176492490056245
1.580228823965722
-0.2338842694510386
-0.5390736005878967
-1.74629535394455
0.33468511353049524
-1.104125521514718
-0.7127233540089866
0.08832470007604361
0.22547579991588787
0.38204058227994
-0.2956166665872547
-0.006223896794679481
-1.5976641495523267
0.22463462445104093
1.6768841851300758
0.1778050919831731
-0.42232324057926385
0.1491909757054276
0.48957507579065734
0.04130107532490743
-2.192261487909935
-0.7622915565679107
1.219879888168771
-0.983131735001489
0.373068516532165
-1.0925151850168968
-0.5095549962987527
1.1618799891098184
0.4974163092016992
1.2408375348648293
-1.0445262633530794
0.04779138373548004
1.933071499389508
-0.8243935008425292
-1.7677213690678224
0.05933107922896503
1.2780541810514756
0.23251573376862364
-0.2783827454666056
0.09001261412085006
-0.538965736795
-0.21285567799192517
0.8603469212622403
0.10450336035143155
1.005980668739111
-0.12708944542237954
1.35242216977199
0.07395629911696952
-0.9356754917763398
0.003841724006428311
-1.6975080601052457
1.5139066195895672
0.3308416985792448
0.8835469028398963
1.5907572302638995
-1.0833536803204418
0.4452341254605412
1.623114217806446
0.8006187979303877
1.0017316586887273
1.0068172856249245
2.150248241414781
1.4273826246603463
-0.14360104061709253
-0.3310584729744996
0.20310503621948964
-1.8332266727434854
0.3215714269921698
-0.16641809907323243
-0.09885527576303377
-1.1744874347421879
-0.14715734226373017
0.53995870650558
0.16545445462897093
-1.3264574069769208
0.18094872645568036
-0.9814898232710391
