-0.4886869106566058
-0.1357767195551409
-1.1116980784507096
-0.014931644710093768
1.515315734146902
0.3490433482977063
1.4142655716722021
0.039106826235606115
-0.3862595754837571
0.012299580088089403
-1.4455593944749143
0.028094946737141187
0.7788624263721997
0.10127688990938963
1.726055255179177
-0.8463194821363589
-0.8044399421422079
0.7250118503680001
-0.5403480822816087
0.08842422659883006
1.3058344513917284
1.4801198187078883
-1.7883368041497552
-2.05645089162076
1.0628542470873799
-0.46401964723314754
-0.05858336984993718
0.33624815699592286
0.5544353268019251
0.20297805492311802
-0.7757241366725476
-0.16681864833911253
1.8406548712790507
0.16159140711612843
-0.7656339115706714
0.324403296763947
0.7941440563760708
0.05551629216260386
2.118771327565027
0.3099348898540018
-0.5682346298617473
-0.11332797771126525
1.8632514422687367
2.368858798807172
-0.1339309534984822
0.030212136165711008
0.5824785287577476
0.8112194435126753
1.5786881957725882
0.11256822514066764
-1.0885255674836014
-1.541466544646693
1.5933325212889546
1.356783884178518
-1.6520093105125655
-0.02075953618147655
-0.8811908779530973
-0.1438782232005023
-0.8449566152159408
-0.000536257332907811
0.920047013444441
-0.30173204518963415
2.13880294593451
0.019610738281877458
0.854526911432978
0.17513461879954345
1.7798502238907807
0.05822518783620948
-0.6747585432066225
-0.10139273805480761
0.3119683970717264
0.7750971755542108
-0.9712736736747282
-0.6500268951348406
1.1962260296005554
-0.19469942302965643
-0.5819153637049294
0.5389351442868505
0.07646830429259656
-0.22164199999432474
0.3615713811978684
1.042432271062832
-1.4426415461092588
-1.0077969050655249
1.7900845514338108
-0.03161576887357065
-0.3433727070145285
0.15710473181004891
-1.6683541122714929
-0.20803715690819366
-1.5563685536023655
0.04923347464941923
1.28917981755183
0.33986757235983167
2.2845743262633857
0.32278754959577627
-0.6000555125999392
0.11848647611525183
1.2467754812644496
-1.104350649243285
-1.711362293708392
-2.428953706343092
-0.9476577870628893
-1.9124033495868848
0.9714201903651258
-0.41283821129101583
-1.1301563423502585
-1.4741588593268256
1.0019912602485639
-1.102826730381863
-1.793264860116563
1.055519706502415
0.05847315069899838
0.28463285684244904
0.8442190404170056
0.07394121047862282
-0.42989392985424607
-0.2629434739899658
0.2282920939426818
0.03953065731029161
-1.5946716954904738
0.027936605778391677
0.32153468741002433
0.08432373258547574
0.5251465911131104
-0.19207498706569245
-0.27719281282719066
1.4941558439742644
0.2326214819459366
1.327911193236433
-0.8281396739374518
0.2711182170724387
-1.9342459205195504
0.660841175805466
0.02486080867263562
-1.4648472934803454
-1.2090888438880305
0.459583649994285
-0.44970962038222323
-1.5966008706212476
0.2841112162484869
0.08873702115364508
0.9615701671594162
0.2975152798044911
-1.0796298763333818
-0.10984094242107958
-0.17406151816511814
-0.35008498170077196
-1.1113995823233143
-0.14070571304330298
0.4313368435859443
-0.043449674209283556
-0.4329628487502654
-0.1323921484270513
-1.8771605747046707
-0.28811358270561443
-1.4548974025316237
-1.8566540209362277
0.24513005795129195
-2.0514224142018747
-0.7444406506625059
-1.833399162358298
-1.7882901378179303
-0.32995985959913293
1.213888250061187
1.6085669015680342
0.6578039460416967
-1.9389276655417729
1.0670149350298193
-0.00010352703665734994
-0.4490741321790625
0.0708627144642869
-0.08350791377012262
0.21461121265072808
-0.19736659491720876
0.011429173717399248
1.1431710733716705
0.3528453841887279
0.9162404974929685
0.05592248097713239
-0.8696307275729616
0.3370280232122512
-0.16285639928524517
-0.2084043793814998
-0.620683419700712
0.1037554681613071
-0.48311099547246156
1.688166630156899
-0.08731396087287172
1.8051092515705485
0.9278086219194841
1.1612243565452571
1.023543308576017
-0.3232664481298961
2.015258471801641
0.7342480495208946
