0.03863638804751272
-1.3580177302815417
-0.28581755330407965
-1.5605457237386822
-0.16914620244633805
-0.34139588503065127
0.23214484714376507
2.2452455896095125
0.26340430108502316
1.4388946772311997
0.11666478158908523
0.7395887453959543
0.21698732034647994
-0.13736517920713906
-1.828471454405351
-1.7813308111511588
0.7436880144509517
-0.42160155399500526
-0.0020849931469572583
-1.2946156106515856
0.9944092742326112
1.0060344713060194
0.06654398744005635
-1.7104121699955737
-0.37115308198256153
1.7571743459315057
1.1302935698338423
-1.1333282812677208
0.04641644722828181
1.7029205297185006
0.012369649935746513
-2.195204352489966
-0.007815071813573835
0.8425018014166039
0.30361209661151684
-1.5467511528066524
0.03239459424284041
0.8595840548942157
-0.18276161105791341
0.8145845429679315
0.023484794133769485
-0.8585119396058946
-1.03461234546138
1.0364742748424147
-0.9135022811450888
-1.4106195052036554
0.29292209008463643
1.3869288910938384
-1.423469891571539
-0.6250700273442474
1.9539185349470667
1.3236998872833308
-0.12132095578575443
0.207929002123046
1.4540138793383717
1.0572985360039455
0.026674765225914183
2.0791185326539776
-0.076604899174385
-1.807220794821537
0.00848605631445189
0.6057772230783247
0.02729013472848316
-0.6924195682634343
0.058537548690673936
-0.008783764083731454
0.10611322029234481
0.055773483190736876
0.2186898123717069
1.9175247417887418
0.9641051052598943
0.5060406484316734
0.25341508235238036
0.08587083095391299
-1.7503056284929244
-1.605026496051995
-0.5078240027912964
1.6797769763311532
0.7186346769729807
1.8549773997886472
1.0103535105472616
0.32175941985106127
1.8633333726380241
0.8611207796548546
0.010742278390765032
-1.9159167957762604
0.02493961399703087
0.08774328896754591
-0.00015791222570208627
-1.501378523311357
0.16065410424858165
0.7431893200399913
0.004521934154111385
0.0596576271753173
0.06411486391829678
-1.6752825452263136
-0.05159040726115852
-1.2271852466273636
1.0513915938634295
-1.7736662769130804
-0.214175838554722
0.7238393751486402
0.2792510710561939
-0.07643973587501957
1.393136057366396
0.5638310852799441
1.4577538594973505
-0.23708835662012825
-0.3141425888044955
-0.6400388810805436
-0.6375286709904121
0.1485491953331568
-0.07547739065189617
-0.33117340452838867
-0.2165315906273273
-1.1117744725567558
-0.2776065613887841
-1.4336799319816684
-0.14675245918217225
2.0855290334927368
-0.1533577693366593
-0.6057966298961228
-0.0014183625008833023
0.2671295501227514
-0.15533223712618424
-0.3517405528850708
1.7815684990455245
1.6723352658788275
1.424869484202263
-1.9652075418464077
1.1249777502129277
-0.4575440811936117
-1.0957871665686008
1.1240462498917208
-1.0283005987747238
-1.8798078630125026
-0.27576790838512877
0.5322903739333672
-0.6395844416029306
0.38457250102724655
-0.03137218787115544
0.96129726419904
0.07614852540404317
-1.4160981200966134
0.005992732226768206
-1.874168365683753
0.1154189133122503
0.8545486635405374
0.040458155466037926
-1.373283566694912
-0.17441055788332235
0.9228698211475401
-0.040512763006309106
1.0685473830918533
-1.190778211618537
-0.5184656890025092
-1.9787338866888668
-0.6093361202569227
0.09729998901395602
-1.245364906442239
1.5357742360235018
1.7121524332532285
1.1829980964905065
-0.3191476317669176
0.6545098548943303
-1.309168037762555
0.18143395488986028
0.4189582678810538
0.0699401125433051
-1.548251807308975
0.21595777534787197
-1.402235458414053
0.04467916336792513
1.0607309724282474
0.19009611194454487
1.2525885530790057
0.14058843621297387
0.2363487305015937
0.05377890657654953
1.0491948571923841
0.01881581395672436
0.2209824000390754
1.161246829585254
1.0301317916568147
-0.995968104631962
0.4678144541638513
-1.5990888528304805
-0.7178629461045523
-1.5259327621812249
-0.896135359569299
0.1856598047081886
0.4784879899140347
-1.1083446066475906
-1.520543432476785
0.6753847392818448
-0.09006031438435552
