0.12268200552813102
-0.4698061555453643
0.10946679064449664
-1.3477579822767785
0.5256143772361198
0.23666769674024157
-0.9331909740666774
-1.1393048624225366
-1.5714170109039127
0.6649390487315576
1.1334860259300257
0.9978765075682716
0.3903213141820851
-0.7732746348203198
-0.187278625203272
-1.6538305325782061
0.16881902428660003
-0.4087047809107825
0.2960866156987687
-0.6472721198364595
-0.2373922653825642
1.6364953081197304
0.04704581400877881
-0.9539632527761222
0.18809525695910484
0.7981555543660604
0.3456402939886877
0.8709529982219563
0.23303878538815118
-1.6759987393259486
-0.6255242741553685
1.2312691345405316
-1.4031326118140932
0.36677895310850533
-0.8428102588471328
0.42653157097281286
0.48560041227024325
0.2762139754201622
1.3802351602175154
-0.8114012844778287
1.7764908249145357
-0.1008162445751365
0.03869752046592255
-1.39836829477258
0.0075844721889836795
1.3064877789515776
0.030941481066216612
-0.3134729384142392
-0.1391333182883822
-0.9144613430970251
0.07334880397429382
-1.275895445269688
-0.16423484339685515
1.167769541924535
0.0775895116206433
-1.209516759251117
0.428533745354657
1.932246445579695
-0.46239912666985583
-0.4220941906355904
-1.6466272625833585
0.11248018426462787
-0.43774142538794364
-1.8477055566296685
-1.2822066758190345
0.916880973043069
2.2624971914987215
0.9012053251038034
1.5176480935770966
0.9136045646111874
0.20970439296444146
2.7224432978280735
0.19088074327264096
-0.8828547886975759
-0.24796935667977882
-0.5670077817537825
-0.2032213489663098
-1.8858783127782333
-0.29200827989928346
0.009052090456277192
-0.1464134835842827
0.6877816328911587
0.31596235179668325
0.9301296520799436
1.733998139536835
0.8882136735348549
1.0426960170013677
-1.8750076170767893
0.7201903310319541
1.539792721333583
0.009045507606205469
1.700003378226413
0.2926928568871926
-0.8427637613117356
-1.7094043869732811
1.5187205086323565
-1.0384349608039307
-0.8668278744468534
0.05458847048902869
0.7377019607090519
0.0761410295161088
-0.9244088874545616
0.055052420087296
-1.6412258585446373
-0.07887136983849669
0.36664392830044423
0.050209748165261324
-2.062503972316961
-0.0019637195396536786
-0.9076208382848813
0.09434753735927634
-0.2422079362947983
-0.26206308659223126
0.10309633556267375
0.20869079833996795
-0.22638875448054732
-2.047878518057881
-1.4333016627685862
-1.464380096302745
-1.1755746194913628
-0.19937936968713416
0.18739123419617476
-1.6382619086889494
0.5882713668592491
-0.7508510990467718
0.096879557174209
0.3451891817040391
2.151942196888586
0.30767947021300934
-1.7069044464444314
0.011703828954881638
-1.9832805601117407
-0.1434091285095234
-0.8834082132673395
0.24319306038068556
0.7047420421740064
-0.07200922424428541
-1.5170856542466022
-0.25259431542437744
1.402208366641039
-1.4596759136345407
0.6516217508224219
-1.451912439679032
-0.050091579871118945
1.6121601894083561
-0.9508079877173746
0.4193832097184552
1.1375508568977335
2.1396746957316006
0.8997847703812667
-1.1457470835983183
0.06585198903857496
0.007243696857250101
1.3691282358858734
0.029492729898245224
-0.6454724910934155
0.15854380873087612
-0.9274957637089295
0.08145345671420227
-0.505331874417961
-0.20576277938312956
0.13044657152135064
0.0025289434096271344
1.8079573239976692
0.3240824791803056
-0.697376580705046
0.021694825482777316
0.7438890155827085
1.612387339742577
0.6369074456563316
1.762664803543135
0.8191879402826224
0.62897795843783
0.9540228529122847
0.5352863062438385
-0.7542063107971971
1.3669975305953628
0.8417101225677078
-0.1454246232185974
-1.7758036867385867
1.1183887396524106
0.06439803763006259
0.39492996769325306
-1.365186943010187
0.36014643228721266
-0.476573230531088
0.39334816087498253
1.862889442714073
-0.09730537620140972
-2.3122823551514418
0.2371809189677097
1.5998025443587736
0.1438638602245533
-1.1253644871106554
-0.08845350546132065
0.021796130066501957
