0.4806165915269288
-1.2228013200327401
1.4555513324990397
0.17147348678410293
0.34695266694819693
-0.23586288738746825
-2.2860576879289027
-1.147763571306318
-1.4933687062584902
1.3412398836443977
0.5509541775445258
0.9310342595762592
0.0350886498283743
-1.2389662971097788
-0.1584443085330569
-1.2799605802268588
0.20178412739365495
-1.9361116007697545
-0.23418338687729007
-1.701822941746365
-0.25645722357013584
0.568160935865644
-0.09563827166837117
0.748074516953652
-0.027967734252548334
0.39257618426112034
0.2659046748810201
-1.882881462017578
0.6799635524549377
0.40731501718825786
0.5821415679558428
-0.42687947735083237
0.49069910361424973
0.8641428348504279
-1.3508573615792219
0.2684364022390862
-1.576148482854496
-1.1263439190031967
-1.0060382475182605
-1.3680552402133472
0.6325927257741282
-1.1196825797546928
0.035611945416528935
-0.8828478827160849
0.052168763526508344
-1.1652097434814321
0.06922112702835237
-0.8486195062068289
0.13223625257421248
0.3305690677235139
0.06663902635436783
0.4868960666198834
0.09071491994913891
-1.230241263522895
0.0836069418191024
0.7943286964556228
-1.3243484254039837
-1.700957883311206
0.7998075735304501
-0.3028826767707695
-1.2238834055443861
0.03406579284089325
2.11648771620257
1.9509547324722858
-1.1862174114917658
0.8662790585577128
-0.8330426824697873
-0.39361902422485934
-1.0145727759389194
-0.4797181387007182
-0.06115884114657443
-2.0907778615233616
0.3021687572121169
-0.4666161760754682
0.12102360499577702
2.2331948062892217
0.14791672259586286
2.1510133579045334
-0.07587647796672585
-0.8167934225048822
0.22074988018878028
-0.08456787674850084
0.40940705944724093
0.3189599645299489
-2.3690860046478277
-1.577926769655097
1.1322650310077198
-0.4248805192312119
-1.428152699556552
1.8261615775341449
-0.08906624860264455
-0.19179289711461167
1.4094435546754225
0.5230802029348086
0.9295084480963018
0.9098898336060751
1.8566034235856752
-0.003290354302936615
0.026864646417051413
1.4425427745400812
0.0786732763231911
1.6558622081451349
0.04932206585640513
-1.1863613020216341
0.2732430086718509
0.5763014516214655
0.028137727477538357
0.47641758794859007
-0.15747186014431244
-0.1660949681210055
-0.008433300441736938
-1.1399674671257594
0.7840781286429005
1.384481373386662
-0.7158561755184079
-0.20924930756834847
1.1929651775374923
-1.0245389747333202
0.7155380616700292
-1.6437976648906762
-0.8338658121602944
-0.33933767180969426
0.0835881643401457
0.5566535170435135
-0.7607190440847981
-1.6898737746082535
0.24377267386141693
-1.6134797783818253
-0.02003540745166842
-0.9307955790242503
0.1628648726186359
-0.633959255697126
0.06823054426191368
0.21617225038641988
0.41171569526344937
-0.4638270654760838
0.2876806154681177
1.687329060818915
0.26778542524794574
0.29833892972101056
-1.0958741534771117
-0.636445145683543
1.9741646893409626
1.7748327437062656
0.9772280038286698
-1.0263552039492239
-0.18528346411352728
0.8150400882423074
0.36484613696649015
0.34709627325041675
1.4673952765043852
1.513885195964278
0.578896512749031
0.7204483102763628
0.027826421856156944
1.7191595796346917
0.2538127851959113
-0.8460222668718376
-0.004402310730319364
0.9953724986806669
0.09287480327492764
-0.47627776850973547
-0.017267786227504408
1.3931656087739812
-0.10550532849715684
0.006959530330712761
0.02676151149792368
1.1509208690911195
1.2745345140519366
1.638543481822606
-0.45165009937281003
-0.9617164334408007
-1.737836377470483
1.2305589813191142
0.8765949145349884
0.16599154504459576
1.1326078721886041
-1.7994026498218212
-1.0096574348072012
-0.11102507826342062
1.9154687318046755
1.1801239516799047
0.16863849099306488
1.253904291607612
0.31141073254322804
-0.20883100947847277
-0.24408306459128803
-1.1104919248093712
-0.26505280256532066
-2.010239670652653
0.15393144078238943
1.5991537444118535
0.08631752377873922
-2.0163173348623067
0.3907534014872084
-1.067614317669406
