0.09696301071434693
0.056072244302354364
-0.8140182666787517
0.015297223003680133
0.7281993964235867
-0.07764851543258504
0.9556431929580732
-0.020652381539599637
0.9057113981864716
0.13591881853613938
0.9266842103492465
-0.02049934705926487
-1.0085888301344088
0.13346315311600018
0.9230801413019658
1.081614187869898
-0.5745805445664092
-0.5638895299426123
0.6475700718667503
0.5842929251405112
-0.5982249205363054
-0.8805969878279074
-0.18218292840385958
0.36949175834436954
-1.608175135756461
0.15081616710996432
-0.7198434555722727
-2.4245161287835773
1.9091112811173452
-0.19235114010996188
-0.6094932438885662
0.01859317851217321
-1.209857595614445
-0.02318873223557251
-2.240600797209444
-0.2157303324885234
-1.7623364416780345
-0.023360704575569068
-0.9437152700640347
-0.14196289916243474
0.4455862016223298
-0.14008086366205091
0.03871471547248314
0.8674081190878827
-0.0798304279478287
-1.250669270420366
-1.2075691623844138
-2.2387956899077373
-1.3468511651999302
-0.32774493204057586
-1.4283861668808253
-2.3793582187423294
-1.8104570508048197
0.216755519719831
-1.3292942853792962
-0.8959125930252344
0.10555964144100934
0.1921512175393599
-0.6100190103537348
0.026319400730045815
-0.18099318589413696
-0.1014539219615604
-2.018054791883487
0.030169019033302526
0.828398502545151
-0.018926330690218835
1.0002269783679134
-0.01798746613387703
-0.8519203708833004
-0.03827815298771864
0.6030130711296356
2.2682856512161185
0.7841916542973848
1.695052897362474
1.4315425392668797
1.1452594129901132
-1.3063971847880451
-1.1415116830312835
1.1167159449108077
-0.22599404992678995
0.7838030431242611
0.034493191555985334
-0.3906944800041595
-0.8197874942196431
1.0586030221245497
0.2650785927208539
-0.607107903235398
-0.21611108486052538
1.0188165158805669
-0.09166935638384395
-1.956094864359318
0.19728755992671176
1.0747041266190025
-0.1687643329970546
1.2350028621927271
-0.15523774675279847
0.5033060914126772
-0.07655487860748353
1.1691850423178642
-0.7996810100424357
1.3372324786999548
-0.24639533327771265
-1.784603454427643
-0.5405599900136046
-1.1825676779485665
-0.7460499403844522
1.6825070874647032
0.45958322632188686
-1.7415680658128825
0.34489928061480896
-0.5849315585690128
1.3321315787990544
-0.5446803601977558
0.03560724487216149
1.2991583407572103
-0.053872616862066486
0.054375983441809064
-0.23772923012354866
-1.162586109564681
-0.02888716154466426
1.5661530245219806
-0.3748145431419069
1.0260187006396269
0.02964366744207895
1.2316454036468214
-0.05147818063357752
0.3420091358269217
1.7932944484217184
-0.48614665661390327
0.49223383962226624
0.9483269392262962
-0.5431537223440204
-0.8310555872700971
-1.846404492992655
-0.05124628501609274
-1.5969828308552527
-0.8051238781716167
1.1771564905730705
-0.8685797960249576
1.277662816679089
1.663510157750921
0.1775757372466355
0.7616927336809127
0.11917445456794208
1.1403990995344115
0.16919223283988077
-0.23940488977714985
-0.23144857414227887
-0.020634133264082432
-0.24409553829222097
-1.7092411995186205
-0.0030742322467902437
-0.250413925493333
-0.08027752758046709
1.6375202824450132
2.4779674394355298
1.3585956198316154
1.8948043987941317
1.5825235454634463
0.17553911726258514
-0.6287860934215574
-0.8059180248059992
1.0311464805073003
1.1464142198810785
0.10319794817309352
0.8058602163821634
0.8662986053643381
1.3564394084634783
0.7917267063568857
0.40926045052236143
-0.3708422990269771
-0.004652931688781268
1.3708651255275741
-0.1522529843718086
-1.897406834889152
0.006890520392400571
0.18818194301359178
-0.16978679525752122
1.3447949641622707
-0.004892591790910356
0.44709594632735405
-0.3509706121314172
1.5981110925411068
-0.2604105676956284
-1.5893452301531932
0.5809891048472375
-0.7041520126644504
0.5618202704387165
0.36982983758880117
-0.6398990445040703
-1.3313753877062233
-0.9779793077534946
1.6875956107778467
1.4640089817275135
-1.000101340265954
-2.431832026994799
