0.38678870616808353
0.8379392817424393
0.4235154186546241
1.319606392096552
-0.032356525332698505
-1.7962096008574424
-0.30030256911826086
-1.6189578231541932
-0.06375303150485588
0.08486101306112173
0.182057064366913
-0.7462745595285595
-0.25585238613447686
1.5784835505629875
-1.1235616657103367
1.0181013797388636
0.976426886780172
-1.656223341302694
0.6174604408133768
1.573314935778
-0.030405543617851576
-0.6645002389541673
0.7682946236741182
-1.7784925970350363
-0.4681178166564131
-1.6146350360701271
1.1606546936307085
-0.09723034287045468
0.09619734229902155
0.7976083767142814
0.10352193377562606
-0.13457893484469113
0.01469296328523459
1.5877648135436462
0.04837330328247337
-1.2050388042518352
-0.3822366606809052
0.6695292109483544
0.07473514857804399
0.02689740095305712
-0.21830505670769176
-0.6934889430739958
-0.4270554096122701
-0.9853493749679143
-1.4990801319564144
1.8457566127687108
0.9900384239803094
-1.1119210564125257
1.3880403106921582
1.109196776807299
0.9361302672299618
1.489008972385378
-0.7351076537485279
1.426204006621343
-1.864791597007276
-1.1255371227062554
-0.1885180557639188
1.4842909188349314
0.1293632748353387
1.4769267227677154
0.32167654494609665
-0.5876331151954819
0.28141913607158714
-0.08624522182606319
-0.20912732703078532
-1.5526102544873306
-0.1498028720609031
-1.0924459142448708
0.2724641581761095
0.23513537078210264
-1.290142065050499
-0.13281233891378166
0.43173619258590273
-0.4060986516988392
-0.142095159446129
1.699117271076459
1.152161172454246
1.6023403339023772
-1.4780807821333968
-0.001896987000912915
1.962517854191159
0.2443431166542411
0.9796781452407285
2.125681082001763
0.21574003404490477
-0.9645719383936595
0.03507390352816841
-0.5141497098708472
0.02004371073818203
1.3147170806863009
0.10175414859553276
-0.36731389884466364
-0.06325589251843428
0.4063256088495636
0.09686594972347284
0.16211752188074458
0.10583728066132854
-1.7482503094786452
-0.8949596559671981
0.7801240434733991
1.146244635545874
0.39826067403292675
0.8481828054889748
-1.61984935915465
0.10078344732985316
-0.2674492828480783
-1.257187799993631
-1.0590411815470588
-0.45782809134864627
-1.644222618534941
0.5963599312721871
-1.2908172334753951
0.3970413037952486
0.7332414316571474
-0.019226676855691273
-0.5132279169014264
-0.2847381553720372
-2.550775969792656
-0.1063951390845702
1.240698422315405
0.01861395114258519
-0.08999563559547395
0.14172991488171116
1.508821414861034
-0.1490412024386371
-1.0355246738553077
0.32436869727041867
-0.18886166104476684
0.7970768669837272
-1.237821923724521
-0.832536130702745
-0.10673650035795317
-2.4440871932715345
-1.828204293756357
-1.9882826564214036
1.4831636644711887
0.45465766120590934
0.7464480678520856
1.2908511824236681
-1.6190010703851923
-0.06279658174404942
1.0209742561153057
0.04285634119208889
-0.6756302326880529
0.38828905731851465
-0.2400883450597094
0.05803526824771197
-2.398775336372913
-0.17745916686977692
0.42141645410792633
0.09971640934730454
0.5077088610303045
0.3170083946909947
1.666041353784851
-1.1723865611057398
1.3910985058879204
-0.40526851630791494
0.6240241824736775
-0.5210130050671519
1.7404653787083633
0.6037187695454963
-0.9845946501005333
-1.9689700619109454
-0.11744441347708014
-0.43277684825039886
-0.45943071646614214
-1.206582789585296
1.2289034706115076
0.12237873230508418
1.0893242359377246
0.30765304859759945
-0.862712277187338
0.31871510666768865
1.0810985017979617
0.3617305534370619
-1.7305305192905749
0.40369053057446763
1.7818061812791823
0.15333827539912473
-0.85531480480399
0.13989472576024065
-1.1598911692178688
-0.09619802713277496
-1.37298802289844
-0.7576613934598411
-0.19470620945077893
-0.2919860118324661
1.3404620606640618
-0.4660845021877418
-0.1681998677969685
1.8312846334144055
1.5887385436563284
-0.8617150084451094
1.2237630326817668
1.3164141627476653
0.165687450769134
