-0.9733628704240479
-1.053921621400028
-0.4018442385467577
0.09921435962029636
-0.6835114003625138
-1.066587894583314
0.2940597428564798
0.7866758409750331
0.9838232092392964
0.37235980872733754
-1.4440922773179883
-1.8859083300970443
0.9912071604836754
-0.7873455200435878
-0.9554628211450414
-0.15961803363042426
-0.6042958687454659
0.30782629003216644
0.21757044380858323
0.1335459234926225
2.185654011553785
-0.039388707894793505
0.8931723247305842
0.04383626675013713
-1.7960487274652217
0.3528623053147927
0.6176653840497512
0.19091763559722777
-0.042698199700262715
-1.0643759844883192
-1.7463303843292097
-0.14513248880073967
1.7155134662133198
-0.5501637716385314
1.9568682760968703
-1.0858804914322777
-0.8732876230718911
0.5915143388874583
-1.091729260092462
0.6298568277817242
1.4664600530422023
2.056432779395877
-1.5415560345694872
0.39167533408422284
-2.309295117181501
0.15664579170554327
2.062315972361833
0.3569415558883819
-1.3468471565140476
0.1746819894628296
0.812413319313566
-0.15477053366207008
0.2184041588604135
0.13007335136133488
-0.7037859175395401
0.39888788283623
0.06227349765246692
-0.9380833770903653
-1.2450845194534628
-0.43616181759512973
-1.6875655526227833
-2.321965542217769
-0.8857092423301784
-2.4211498740907027
-1.60716747790349
-1.9755111107043672
-1.3177497862358873
-0.5490780013641761
-1.5889182390617078
0.5860342311453688
-1.0612673877589671
0.42567263398027305
1.702598975433594
0.10649168734468414
-1.885197980373205
0.07532757772051521
1.631329866039241
-0.19118570345188987
1.48055704749227
-0.010400406301603861
-0.5261510577552022
0.1253078942234359
0.0856024240730233
0.4242923050739474
-1.1115168247756366
-1.7786646938774022
0.653928078018911
2.0769256310043103
0.9066619690192175
-0.47707942154287036
-0.05025886388650145
1.7303682988397624
1.2008971884072068
2.0128482605523854
-0.6511549536677296
1.517481450196405
0.9583560304407746
-0.3940271085990133
1.2845134575679016
0.405583459610793
0.048708749162340664
0.1535252083445472
-0.6874222049414659
0.3324603089118887
0.378679156747346
0.09954493848485191
2.3192863146634717
0.01838472379802465
-0.9994040504443092
0.05583518157623951
0.015467704973904466
-0.05096383865802109
1.9581324929644326
-0.9443621161211777
1.164902311264369
-0.49115891788710864
-0.1848508809686684
0.07853164604510322
0.05230051956362477
0.8180564012182352
0.8059337043974882
-0.7636037082534936
0.2138176307176507
-0.5236230780220635
-1.288217560245887
-1.3048776138511597
0.4399748105085858
0.330225225661564
1.4912362901004779
-0.18453215182799965
0.9435047234955959
0.020620897291549783
-1.013717053483186
0.08044073354183873
0.2734893818754064
-0.07923849584417315
1.7131945039406373
0.058903684882565574
-1.173189126245523
0.3160875811556669
-1.0480309443811116
0.31249975823613896
-1.3191466609836393
0.516680026497884
-0.7736832576037289
1.8132131014037778
0.21983053848251036
0.24952923332631474
0.22983727707403867
-0.8535988867210784
0.7210450872330019
-1.0851919732840754
0.9264322102702046
-0.8928412703582026
1.6092619963142247
-0.07503240871378206
-1.182636812097419
0.059548763897759455
-0.5693701962899882
0.3667432793509441
0.9033514471481309
0.1567442285550271
-1.2380063586836045
0.08105157251922095
-0.3470555216487068
0.13294302950628115
0.32200454553170016
-0.1292544631423613
0.2502920571802173
-1.4237029924626696
0.05060132318479479
-0.29532915126461645
0.3360036621737335
2.5002103157998166
1.8717708275469658
-0.0437865797438641
0.26779906135739395
-0.13311011950752813
-1.644603001748462
1.2936403305480375
-0.2038629436106894
-0.9182783276579136
0.08997245136503092
-0.026456468570937995
1.5892982431067608
-0.11111697573543476
-0.7607256966753365
-0.14282704654992526
0.8597698737574886
-0.2192818238032488
0.7741340376717466
0.3918414941060546
-0.22765567604976775
0.27721936956235854
0.3580057625024426
0.21738907256135737
