1.58916567025234
-1.0719250317970273
-1.7478158216469253
0.7563518184129497
-1.6664519478140198
-0.3977301282463442
0.4821630792228427
-0.004426729297475291
-1.6125686661166947
0.5214856003686382
-0.2882897400702044
0.5246079653772686
0.7176417437521586
-0.17263285581761906
0.9318618338896653
-0.0698276582358956
-1.0413743139820044
-0.09494955790752498
-0.48955096770956963
-0.15894489855248287
1.3116895474196157
0.1392057643130825
-1.1386414680849672
0.42204015863034
-0.7375999440884542
0.10986460741685407
1.48248876373848
0.11501919359330086
-0.5910940706905689
-0.28890877334628834
-1.156712271867937
-0.8205597508172392
0.6767221845455615
-1.5892596945516304
-1.257872138475764
-1.7866135926882063
-0.21299429180762067
0.1741496906007564
-1.2964129179137758
-0.5121441394543699
1.9281382424508868
2.3556393480070645
1.4356942407504227
0.18103437175556236
-1.527940944592
0.0883292069196903
-0.5108979689760607
0.4257042557701914
0.7409965743190967
0.13693801961960023
0.3221740736560679
0.39486082704411146
-1.0682350404120133
0.12323008599706942
2.6526869920372818
0.2791986027014905
-1.3840595537952625
-0.8928914542873292
-1.5831475952337803
-0.5284018725573927
-0.7783978769221342
0.23503499565139915
-1.676448037802983
-1.684793623492836
1.434988108222981
-1.1667297867986937
-0.5429948168379924
-0.8076187251257496
1.7514629915053928
-0.13795765042951152
-1.9688765580086314
0.014027141082652139
-2.0686788850944033
-0.06458258662673833
-0.18444243819162479
0.2747280134024927
-2.2103161042580513
-0.12188367747591808
-1.3852115831745209
0.0032930559557898995
0.11501499533623384
0.007942592370795644
1.146029717234827
-0.12959460802765146
-0.45032125216867613
0.6143725477885865
-0.5740210555037982
-1.3776832290383294
-0.42998543672737716
1.4054924539322526
-0.7705123686774192
-0.9636859213167271
-1.310375083564545
-1.602794407805318
0.8751035623484406
-0.5205516435892644
-0.7519592873653029
-0.6527082487836154
1.4257590322074967
0.08468760948052657
0.7818535466155312
0.021649856587087946
-0.03549814228863147
0.507257249539794
-0.04870301442536421
0.10570320301404208
-1.6371166886275952
0.3638210366231071
0.22364100938826706
0.1413679591163153
-0.4044379815529325
-0.15741038029503973
0.798661418021844
2.11524670970007
0.8215694160342453
-0.7458485722364122
-1.1627192244918916
-0.2676398790164958
-0.28824588886796665
-1.2686944002483993
-0.4280987700671147
0.2345996259953821
1.9977234562964683
0.6813601917406762
1.7057405186638408
0.5419051135203872
0.5930814776048882
0.14094197401440928
2.2152066532618164
0.305430383565815
-1.5727090484813855
0.3971568133501586
1.108501102561102
0.5626146650792336
2.0485506966385976
0.24936283608623241
-1.3549659758763766
0.11573745749765182
-0.24790912596993042
-0.096006134568967
1.78241262528261
-0.06580120739697182
1.5010810881165026
1.8538014953550441
0.012206216986589432
-1.0908225849448072
0.5561413019778352
0.12952160687262135
0.3930919833218645
0.11628479587050788
-0.5387134530117454
-0.8738264270307283
-1.7795672220820846
0.2801792582481003
0.5996121098854426
0.345074213873888
1.4899606344220195
0.05654489446117789
0.44873014336123757
0.2702130630305247
0.39360620970644716
0.12295928369535278
-0.7971025303340438
0.07197283443089347
1.0617079366520297
0.13303584414990435
0.5338849928665459
0.17918510553248762
-1.2800780261973435
1.3220464145639375
1.1839339222224612
1.6578839560526641
-0.8158861055833156
-1.4741818895214722
2.0088580717415128
-0.8810704825901741
-1.4413584358586478
-1.274416358804644
-0.11761839122289973
-0.2468839459518146
0.19567903180434665
0.8572336213767506
-0.22675935475097336
0.08622482957190936
1.045999046402169
0.046783054009786114
-0.977503848582223
-0.07436305133214877
1.1104843303074698
0.2766632208162099
1.7332909574004485
0.09798375321555013
2.0047900710754005
0.23447680276409524
-0.05073515570376976
0.37745002053297166
