0.09063051782536989
0.30086489981655656
0.19650245222120621
-1.457790046530521
-0.23482437099136774
-2.289152119635484
-0.1841715862868496
0.8922384551666183
-0.139535498208717
1.3914477555753433
0.23582263570762632
1.3489300665522852
0.5257579184601897
-0.3677688528000112
0.5003092629314191
1.6004880726034552
0.22814216057759776
1.0469922452927782
-1.8946041327488745
-1.6590035676325732
0.9199165675327702
-1.5591769410065814
-0.45590841548405603
1.0605415588282647
0.41744450607681166
1.2062624522432435
-0.8360496937632428
-1.2175954492248462
0.11100553930526406
0.8262113213658449
0.46885056536002045
0.6573084934397397
0.092857803750646
-1.3564014353267775
-0.03620522886202333
-1.931660068025715
0.012305187493629643
0.3485991274027759
-0.013657543738656224
1.1502011098545313
0.054218201203824735
-0.46560283707772454
1.093563502819065
0.8969497550876296
-0.010908658978698346
-0.09745659951964467
2.1618466233190956
1.407196790825393
2.2069692277547057
0.5398510973885088
0.9461352817215246
-1.5548830480289673
-1.7786891963195046
1.5197412098905674
1.8583814924111577
0.26558408597806626
0.3716530422703049
-0.8681914546016046
0.42341430059042356
-1.5097398516829814
0.48152269434762557
0.7298396064503235
0.17316664502598994
0.6447103464224144
-0.1410129120344218
-1.9049226767781091
-0.10799861690967694
-0.3315360795827233
0.1363396583316149
1.578950685282404
-0.5728066044727919
0.12156309193950712
-0.2037543921704503
-1.0461934364639385
0.4496049609475199
0.03601863829586971
-1.5007543339753444
0.49866941226205475
0.8898084304567461
-1.1174861949346395
1.1704967875811598
0.36220694054418107
0.887158548043302
-1.357820624727735
0.06455302848257666
-1.8861528924131816
-0.04651653349633021
0.5327542064726636
0.1204551819780817
1.7450321007116953
-0.21274787184034488
-1.2088647908917713
0.07078618092395507
-0.51757722348609
0.20293747509595986
-0.5664627978400638
0.08510891610273595
0.5142463751773817
-1.3350954945824334
-1.364834141042753
1.0090715973282296
-1.7645116074228169
0.9066217714786485
0.3870056989602049
0.5129377536022733
-0.6392913079082219
0.7270810878426508
-1.482769014322606
1.1193981179896801
0.88870977350252
1.4781838584999614
-1.1198164190334967
-0.31245152294847617
-2.226133816689985
-0.18122042800779686
0.8028414246391611
-0.21779476067102937
-1.3066175405521903
0.10299733287414196
2.035064203088008
-0.2231432316079456
-1.6937437887599747
0.03345850010824277
0.3446289332980901
-0.29827200803053616
-0.3535927567824634
1.8606331932726627
0.29852374002357185
-0.6390120175006979
0.8917605138160882
-0.2527469494161984
1.1503546303037078
-0.9365547337329743
1.4902592933625178
-1.2896750548218463
-0.9236749857791241
-0.3594991942709791
0.7902779098187711
-1.3715973959660217
-1.0001312385360999
0.011031167779263986
-1.1581389648237728
-0.11450392668443149
-0.10995375765153698
0.10258662221959514
2.1761265689613
0.16646938174908343
-0.8843045901698717
0.02662274601336939
-1.4203427060949956
0.0829433940517697
0.3464232403328486
0.10850283037147683
-1.484440870390937
-0.06987026995161663
-1.0079552560779914
-0.591390940514676
-1.1539997774451956
0.10122864850746136
-0.09334556984880604
1.6386631466717907
0.8124216383798639
-1.168699610984746
-0.8397029232598756
-2.2678540099653475
-1.8248893449043797
-1.8840989761231093
0.25173548195867423
0.3715485678618523
-1.2495619841591714
0.214152233344452
-0.6784576011397531
-0.006967430135863454
1.19497266547051
0.29711713959735425
1.4763240477183348
0.2776035940045857
0.6951236415523233
-0.17142254038008495
-1.4327752583392317
0.05124457644725812
-0.18458198287019204
1.5543673620705019
1.191531338679394
0.27443793774846836
0.5016726721299498
-0.520187276787003
1.250492393076871
0.280168780272724
0.5006427175770617
0.19369383292916562
-0.04425438565844379
-0.9008714169913887
1.28444453863442
0.5565182149585053
1.504649705832752
