0.6526880405959173
0.0696046128528774
0.45261360878598983
0.05124404056178953
-0.7303187322319856
0.09892204818468993
-1.5616257867806054
-0.10544626355161556
0.3417348963919592
0.09072101291550719
-0.2849060277840885
0.06298262589701435
-0.10270455185375253
-0.05078987409176339
-0.5676008363324759
-0.12389222903437695
-0.5568242700907754
0.5427451190352995
-0.20831995473571166
-1.1180083455528855
0.5940057487525804
-0.7273908580571017
-0.6701048700504759
0.10866239132467972
-0.05896759575244407
-1.5877770521845058
0.9640946908987045
-1.598446112982754
-1.3206145709093502
0.03676339708347069
1.4071684240458584
0.015316941337716671
0.6446296405915605
0.10739905324922717
1.9688545022540656
0.02617949379660984
1.9944250293528356
-0.026624244608278554
-0.2653763212780842
0.0287679141852695
1.0926018062168852
-0.019890198250494127
1.2737008318382803
2.5874890438111455
1.5884910875262244
-0.29893526383153957
1.3222670199990305
-0.28660990654390234
1.4538725142138684
-0.7260203849686334
1.2348751438397487
-1.7277059892343198
-0.9462236755366226
-0.32621760060004595
1.0354478736909487
0.02594381981280884
2.563402003216274
0.10635327940489618
0.43814489447653926
-0.07423131715885213
-0.7106313802849212
0.026490141974457454
0.6108423878263751
0.23901436478788807
-0.5903173511388728
0.11772632845895085
-1.179796361534168
-0.13074676536409902
-0.1572518083523912
-0.099248729395175
1.8015544207312464
-1.4336665069011334
-0.7371907235181684
-0.08798164649649466
-0.4648515615720003
1.444845549202345
-0.8722658957972822
-1.3286358350918144
-1.624887400358586
0.98126895393641
-0.47844172683760516
-1.1881415427314055
0.5413505114785242
-0.6680801441508789
-1.567096453573456
-0.16688299520599142
-1.0009850767635993
0.01092399340856475
0.07270711631899934
0.0180664139556761
-1.8870810892710006
0.010571527519718854
0.24757905561882718
0.1261844039177867
0.358805874034045
0.02919142944409041
-0.8759633677989411
-0.15704362469531183
-0.36043843124964103
-0.4620779796259149
1.1605779873882822
1.3507223337966707
1.1595615214491508
-1.0043118222209722
0.3148716376376241
-1.4271341210396216
-0.12814789983926278
-1.07178843892092
0.17919194500201813
2.2241062292241747
1.3960587594252512
0.9257497181032971
-1.5811804721158538
-0.1515703531737794
0.1934218989695583
-0.056856353552162335
2.1434635460987286
0.2025523123038717
-1.050154297184633
0.1951793420746713
-0.050268326817477144
-0.08096893568808211
0.18961781458672297
-0.031663067878620464
-1.2301935387295324
0.17494290513738106
1.804458446360171
1.5048185599997552
-1.4053162925687086
0.40793450262190006
0.045893448556668444
1.740386159403602
-0.9132968110210292
-1.9866379320695893
-1.6967546329439802
0.5744550065219217
0.2847902229985843
0.4316958198834539
-0.7568795751540043
-0.9321866940004842
0.5511976381590424
-0.16166677137621988
-1.0803683896480951
0.02620305373536908
-1.425672091824099
0.1315260797115618
-0.07694411124536663
0.012538687461478
0.7149226130653452
-0.09354714709778995
0.762995887222401
0.009204061004037197
0.2592516870795686
0.1404192452981559
0.8275007030248542
1.2528305817369259
1.1784601147447071
1.2284573666325502
-1.1037396733707578
-1.331197603504929
-1.0457729555137085
-1.6180086012554664
-0.16182603511913038
1.3691986573929282
-0.7240406166759248
0.07508696043848898
0.8968748086960272
-1.6521742173881853
2.074030332637351
-0.13785019830863637
-1.151637807442517
0.14665767574128954
0.3593118541069654
0.15030659384742162
0.20460850957854135
0.006462455396417005
-0.7159690676375104
-0.1729057972883802
-2.108401797373946
0.07540280126382326
1.7122118851413253
0.1505567531013293
1.3703401469980214
-0.9157307722956406
-0.8164387484086246
-1.0220691328342064
-1.788612764450939
-1.2825236121284502
-0.7473544229338828
1.525979392618056
1.472343884983908
-1.450434797526589
-1.6678679172958084
1.2450615408546026
1.9899851265682158
2.1657296080214588
