0.2546552254792807
1.5728515488827943
-0.09578579811006888
-1.395119741011148
0.06539115760974978
0.23758944351592887
-0.022030410855805035
0.06405620213909104
0.17359193066670947
-1.5153677146008997
0.2779158511594014
0.8474644980523859
0.05268281967437424
-0.12445142043176671
-1.2909915036422628
0.10050435865917616
-0.45834504394328984
-0.53345382413576
-0.4745009710664621
0.12161491381461742
0.8426050000796442
-0.20244682763655955
0.2803302059057666
1.8355743752749958
2.098005290504753
-1.176069941534492
-1.6420999731639514
-0.6278830849940319
0.07458180966013823
0.14351852837134868
0.41855963924419565
1.9488249184284923
0.15111699912582843
1.0198931995323677
0.06941504413415434
-1.8796525496260201
0.1356432755017525
0.031383003671180444
-0.007972752728768417
-0.37089671004997526
0.0996428014916736
0.555058102044401
0.0900389283593404
-1.0917123640004172
0.9122721995163521
0.12486126315801709
0.47719567027112114
1.2837442236881702
-0.8931843090183431
-0.4398847561153135
0.5664282533567843
-0.27905277871835843
0.8623676695391389
-0.08164266237171836
1.5350687566189658
-0.5647074605079315
0.3459375601175508
-2.1605046445031144
0.08599912760174892
-0.16000681218202098
0.28579353259249546
-1.1761261777107606
0.5005656811256731
-1.8706760048445508
0.4127661713053959
0.02876378064628256
0.31389522142326637
-1.2730734418627596
0.01827672020553634
1.7547267785111595
-1.7553283959659103
-0.12108028717916092
1.7211240086298054
0.826810798456625
1.099185604907812
0.11991047458480436
-1.7758473192816702
-1.6106612176348998
-1.092183581836196
-0.2598225086493305
0.29117482136465933
-0.8334269052312795
-0.1608864539152258
-0.33541367653371296
0.1436980021384171
2.260641851931668
0.09566895212348696
0.08708467859024711
0.23412743472559341
1.1035080544278013
0.2139088159223029
-0.09809925809924472
0.1568085364859459
-0.8852232536038009
0.2083677409341547
0.05771175175007484
0.21291383841515
0.5903381261269026
0.7424429144676592
2.049261701058204
0.05397209552688873
-1.3062002934299854
0.15155408939362697
0.1853498532206495
-1.9012439025039092
-0.9868064482159478
-0.9658172350864631
-0.4549599403436432
1.8693130716649224
0.09358538963931105
1.647757781461135
2.0254838515859097
-0.18402980155746998
1.3766243071154998
0.24240585090228792
-2.0656731086678426
0.2590501828167536
1.3129962214780806
0.4879610388048163
-0.14268352685859012
-0.06071657472797009
-2.3427413756874627
-0.05687246803072576
0.9398731798526395
0.16695328774659238
0.9889799872307989
-0.7377343711954243
-1.5506300623017495
-0.4382832771962064
-1.1855639949744146
-0.9050349814630188
-0.3902292738265255
-0.27419824551081184
0.47659450994857855
-0.03424361721257476
-1.9444886881501713
-0.3823005065887327
0.011662558348507948
0.12767052893365213
1.9640405907178498
0.11165849902686849
0.7047809301794373
0.27003884611207496
1.9905960952834407
0.22247784396095588
1.8944598808212807
0.5148910301734804
-1.140161657358285
0.15991841195101442
-0.3760495341706842
-0.1649297540630766
-2.1242427193118987
0.1591473202311555
1.9102070510531886
1.228970945065496
0.6342529449166373
-1.2100245620897496
1.1335439840873829
2.2322019694743513
0.53358619907258
-1.5040908147733887
0.3075900396099758
-1.0006192762485804
1.0845562767479662
0.47422419569676416
-1.0464176485693792
-1.440355824407687
-0.3765736611591946
0.023435639646398
0.13264598464372349
0.40547115650013005
1.2395985032838894
0.43451646690466994
-0.0636477434089049
0.003922959238728469
-1.512291967361627
-0.01868991980796703
2.119284499819669
0.39511743512480063
-2.0821400748549164
0.18063341221212167
0.24414687097789303
-1.1626950299439491
-1.0792180146925134
-0.21513931166359374
-0.6314571283973448
0.6043093718692868
-0.8210662245048292
0.5559455564450051
-1.63687200402035
0.33280799768894254
0.4753159927360807
0.6829380426423565
-1.2054046717520017
-2.2001495442255368
-1.0065791996767035
