1.4343909868285132
-0.9405557064824757
-1.1269265139802218
-1.4472979703724698
1.3645129320657154
0.36069465310257903
1.062566134687168
1.282320878903776
-0.8199859906526216
0.6524853248976326
-1.6086093270089303
0.7880190838560316
-0.5122972800800447
1.5099126429281726
-0.3144779685703015
-1.9030557377900525
-0.3982208325375706
-0.21423893749862463
-0.3250754174412927
-0.9174325308390899
-0.39001013562769027
0.6650839355854006
-0.2506266828455883
-0.07946010856242787
-0.29282921808325246
-1.5589677658264867
-0.5191228928172891
1.5594623726480832
-0.559093007045429
1.2619318303983327
-0.5166222167597667
1.1775577628922436
0.34562964180042066
0.7367691499123237
-1.1657490923073355
-1.1931121879048603
-1.2103225895510994
1.2522100559677702
1.9859427133310614
0.17699298762964638
0.8505659782564181
-1.4145422867114392
-0.07899255538315135
-0.7809324094563114
-0.28864238687761073
0.8064754802411507
-0.1597519984704102
-1.4081484501937185
0.04167122950382946
0.33611034121010863
-0.2038748689332805
-1.3387453715672426
-0.1299931597174594
2.0323473477161405
-0.156078316896798
-0.3486280847599815
-0.2733233944856275
0.03439403479400053
-0.30939265411492306
-1.463129038357199
1.018773298310199
-0.14198431661481867
-1.729666348965111
0.17629784935635842
-1.390811805970347
0.3965176267945001
0.7241852975181404
1.6350041716940071
-0.6007969635203039
1.0117263899626856
-0.39840958420035844
1.2772888792766188
-0.1867251756693314
-0.801817119436899
0.21627356738008194
2.023017532130241
0.06139034834964336
-0.9050974298985176
0.13253354968050415
-1.2823105002107424
0.06571624628895363
1.8395054921655507
-0.46360014424752233
-0.48623828742211794
0.5574289088490982
1.6157132123989861
1.5353594869834664
0.06958199475786328
1.4602329810406454
1.2006007206408573
0.5242444092939867
1.5302324949739414
-1.7390019601783555
-1.6537341680955302
0.8893585939432875
-0.8130223687255522
-1.6368308468221073
1.280059732732367
-0.11139720045899054
-0.013729105895642796
-0.1187513370809681
-0.49902026082661827
-0.1360431977666473
-0.2729142105671985
-0.3968370180411098
1.4800010840881428
-0.10452933188430305
-1.5629267242988727
-0.16985795697704467
-0.6544178390277303
-0.10501128851903058
0.686583852095879
-1.287045851980226
-1.7697841653201833
-0.7486744413275517
1.8211498093778575
-0.06249220925384339
0.5827677919600586
1.596554189227711
0.32478166358096405
1.0517213117104032
-1.4005801413303658
-1.8665781668569148
-1.121203692135961
-1.420506119430665
1.4641486501374024
-0.3798037162191994
1.4981350948991718
-0.03685779069795763
2.0709225582261737
-0.052407800010452595
-0.9175896922722514
-0.42518801315917254
-1.1349844706696772
-0.5040950894976916
-0.6278161134097094
0.020082426935809004
1.4165035548935352
0.07528093155847759
-0.654962228912529
-0.427032377371873
1.3869277292337412
-1.2230880892928622
1.0721444356141017
-0.5087203635605606
-0.10253192586640612
-0.14656574139313044
0.6682794383882146
1.4239451892447688
0.18933773668966272
0.031033601464614875
0.7693439454840159
-1.5308456173024905
-0.1879778902315907
-0.06986702514505895
0.9766084582231185
-0.12352657354338159
-1.273190459381746
-0.08395814494220614
0.07369537112436389
-0.34223961766427846
0.9878659788961349
-0.1806475269604282
1.7994265848750248
0.22325690056826714
1.8213168036092575
-0.15207105005140853
-0.8759505980149218
0.39004535346314434
1.4450781780563902
-1.8774321807113956
-1.407919659990841
-0.3509270358865191
-0.9998364285799993
0.7087356785234505
0.6934711462048844
-0.527059474428138
-0.1702713375164391
0.03410868768524599
1.2397282971628538
-1.4527538133198936
-1.68347022768956
0.12463437171355166
0.3204265091062057
0.06295109384165026
1.8256324625435454
-0.31089444671702543
1.4560907484525094
0.17109638335198532
-1.6539347966578375
-0.3505880881217052
-1.380146348878653
0.03041847655236949
0.5964377091798737
0.23196042315946044
0.9960432247540523
