-0.17452628599054448
1.2228875824306058
0.2197233182887434
0.9155636381606694
-0.15417256647012204
1.4684834770941335
0.056332001319892175
0.9970834992795037
-0.17824477848243922
1.8589013593279236
0.254997524704185
-1.0171578518034396
-0.11726374378279064
0.12187045294757416
-1.870301247528273
-1.1231171880703534
-0.6660986896514736
1.3149456460895812
1.9120742211733925
0.19225063975437487
1.4694885570732754
0.39150332271838073
0.3398846505576452
1.5559233707895526
1.9728820758439765
-0.2653943447407946
0.5766745023540158
0.2393830404677624
0.0648305733828133
-1.278009525117489
0.1426478729821635
-0.7968140816498668
0.07272754054436796
-0.12470259639738693
-0.28592490188221775
-1.5896770586836488
0.12293606058545192
1.9990377890361315
0.026460648303294542
-0.6761896363367699
-0.32073695174419214
1.1177824950266457
-0.36621650269753486
1.0741728363859193
1.94691143425315
-0.18492609254939127
0.7580321997675115
-0.09965692701819182
0.678788091008432
-1.5017830591096923
0.7662155492185322
1.2761076110061609
0.03917639241965472
1.1144753266967484
1.0885019651049386
-1.3824483798042682
-0.1616327900503426
0.6996908874774348
0.055153740753160506
-2.0194030181561966
-0.14687051219898262
-0.8820435087927309
0.04978735688470961
-1.2800992557695767
-0.22506976579064497
1.3022262188104372
0.17488772934829064
-0.9238112089113045
-0.15325830689600092
-1.1551777191986476
-0.6606146253381623
-1.5478377740203335
0.7104785649495882
-1.0399574518546677
0.507850584440783
-1.0242342959581165
-1.0548442140577976
-1.7300545752176675
-0.04367238444588025
1.4009917082405583
-0.44985443010944737
1.5742124650766944
1.5023825390903183
0.890275245127112
-0.16288152290484675
1.4397122571249994
0.13635643486325075
-0.8755312250836973
-0.16470737407441677
-2.0023625347623564
-0.49847935156603845
-2.021413585104275
-0.4626955938711724
0.5684325679020302
-0.23480565784020008
1.4335249558430445
-0.0361261764916784
1.4460696716208103
1.3939897907618284
1.4567710612846838
1.4679632514285699
1.3703208475810367
-0.6391797133361887
-0.4954602924330425
0.6994413366591542
-1.3209747280728554
0.888182491584461
1.1179239130479879
-0.6795396114258575
-0.6493983613651367
-0.9866690146648995
0.40239490568210773
-0.1736710172583484
-0.41286771962538843
-0.09251190501267431
1.294707696301883
-0.14365708885819342
-1.1039483992246648
-0.29014742814482997
0.5958389234930807
-0.17877475189230138
1.51086055474375
-0.3971403449571256
-0.7625735488746227
-0.24432145483994197
0.5689501196874287
-1.062500040423716
-1.3859632330626037
-1.7528507004073788
-1.0776545367206316
-2.3599849101083374
-1.7604909090371417
-1.8628695718866806
-1.4031919568981963
-1.1952554755139002
0.350790835372127
1.696933986106216
1.118565480501272
-0.018293984837523935
1.1953288493613166
0.002899544805980947
1.061213065934394
0.07140790293539691
-1.6665294102005075
-0.19346770942789915
0.27470803147917294
0.0032962932332518792
0.7344300750994484
-0.27561524460059134
-0.2519704479598889
-0.07418473007693172
-0.19575660852740662
-0.17216182264139837
1.3390004400307935
-0.2468999582919897
0.2649360603873566
-0.5664990691857961
-1.2251075481125628
-0.7521105759815576
0.5119273650411267
-1.530203645442785
-0.8267388300959044
-1.688227387636355
0.18476128800137265
-1.3501678330633955
1.0991200714737193
1.0510299576042677
-0.2072913462019244
-0.20946235675368474
-1.2198829160269962
-0.197581831726071
-0.4211133474735962
-0.1535264357908276
1.2714133037105053
0.11893690121237487
-1.4807510388828296
-0.18340525474104258
1.0401735955059888
-0.138067695980638
1.3328529562904223
-0.21073928603682326
1.5152620529018714
-0.2899567372729311
-1.83634399552057
-0.6093281223953555
-0.4696322556625129
-1.0017648084887631
1.45351982441166
0.48927400610710337
0.8286818602644047
1.8822150030521914
0.9327923990919538
-0.5594359663769504
-1.1783096223478304
0.725016957815457
0.3834026121451792
