-0.5635445161603257
-0.13724079564046443
1.4472111454493033
0.1291152049262038
-1.526812314874461
0.1431588804288586
1.3023296578806838
0.161916098279449
-1.2794468493113524
-0.2949596545531661
-2.80666939002365
-0.27769501010551045
0.47037443598923906
0.2750522580239492
-0.452929255003201
-0.39532288142517436
0.8865531140632368
-0.3338910356764423
0.05446413113554095
-1.0058894395256064
0.6123467666935097
0.9812230133447076
0.5218367549048084
-0.5803537813226121
-1.9414877731020905
0.8882200185089696
1.5901834653043558
-1.1585437816388384
-1.3382600227000325
-0.02471849924130519
-1.12815930965724
0.03000974866248621
-1.8763804790297998
0.17472912768484763
0.18634133105073108
-0.013776803449331382
-1.367513839940482
-0.439089279066046
0.5782979747039696
-0.010573288317299818
-0.028757260082922193
0.05732975428802064
-0.6398228690332386
1.7325778893909531
1.6402095492267739
1.9251632139881938
-1.1393151341582943
0.5243040750069343
1.2607030511516362
0.8748574195282213
0.8798581139380706
0.9239719500780832
0.44339809838038025
0.10003668697339353
-0.40408808699979337
-0.4442265179135965
-0.30018260344374537
0.2442016514016164
2.472415550430268
0.37009363448770544
0.733487109996385
-0.22609837394103027
1.0635136434196426
0.2242522604637274
1.708233920131223
-0.134774318774891
1.5289159507977954
-0.3232297154035802
-1.9405575119005098
-0.06882362923294498
0.2177053417409599
-0.1022127447197824
0.9458788761822069
-0.2471055978568761
-0.5676154851772477
1.5197505571068242
-0.2866686298595166
-1.377730802414559
0.6568091020659557
1.0367912568475415
0.16137516654921252
0.3902653936657691
-1.043188887285441
-1.5646847001451774
1.5619361702494425
0.20626020297674397
0.6134609494490173
0.06931969803306086
0.9670963332920486
0.20129791633274738
-1.2514270729001251
0.029866624551546164
1.484424076893306
0.2829936412298806
-1.810324400012612
0.08917361940769912
-1.242742295920564
-0.0388797757112379
1.4883118871845271
-0.8382225474091077
-0.07367275730884276
1.5833108507130356
0.00021616456497331412
-0.2110578787321013
-0.13451346382019344
-0.3735422374996016
0.9619196775808663
-0.9273614203704399
-1.0065918486311716
-2.058177716491981
-1.2245435293579445
-2.1849252053090873
-0.9920107617011671
0.28806375118745503
0.6701500452958375
0.29820620592038083
-1.2151947593627728
-0.08872713896755453
0.6299981414138164
-0.015326168800480867
1.6873527989146804
0.33687022280919887
-1.519015545424862
0.32133979121732825
-1.4748998636591826
-0.18016089535664087
-0.19742310477676772
0.9376206153102817
0.2089403726029895
1.9264645183368352
1.8527513842592551
-0.12165957228783338
-0.39688747317851103
-0.44615562152809063
-0.8511956832452401
0.3238894373416673
1.398108136844966
1.1997332182357745
0.02070803518860718
1.8397088720005206
-0.8172127454296438
-0.14374748426301723
-0.9383037070081411
-0.030921245669393967
1.791147108481436
0.16873170494970793
-1.0428121341616352
-0.0428400166800086
0.0096071896170135
0.015099941443670075
1.4412226190718556
0.04458869283722636
1.462384749579008
-0.28315583311148695
-0.5380534490728441
0.9771694367644841
1.6020917048180732
-1.2251989718218654
-1.5682394549262675
0.3014347757451067
1.539631539449911
1.9892205757205115
1.4935517957544322
-1.1181160531009489
-1.3491907348588648
-1.7061082509868364
0.1301938706096099
0.674977540267711
0.5666638633138891
0.06333493830490286
-0.5131364662531399
-0.11831040982554585
-1.3889322435482774
0.11119737393364809
1.510656397294527
0.14404615329488007
-1.415605483094996
0.1854255832349108
0.6442983750172152
0.217521630511908
-1.5330105680484105
-0.2755772582372835
-1.6464299504559476
-0.5531847446230505
0.494318466697039
-0.030124654391131156
-0.5842811112403554
-0.03384268236189864
-1.4515356065201113
0.13541113115895428
-0.9880780204063498
-1.4688646705755355
-0.20586964130496868
0.7416374638241751
-1.371332051601638
-0.9555250758553837
