0.019533555797924384
-0.37359775918783017
0.06631613057438407
-2.1259774943313303
0.33717495487100485
-0.42977436716821726
0.050850290904185705
1.6078684289309595
0.45168267391435946
-1.3775822719915665
0.12213900095529409
0.9315289161085911
0.08406939182378605
-2.0182745570176484
-0.9574079542472826
-0.8929365592385291
-0.3253433192213657
-1.5720680774836004
-2.309669673764286
-1.1197354315008081
-0.9002483427079282
-0.37231658284245817
0.9386736077973312
0.19700678963680504
1.8059525464668724
1.9811039365747307
1.3678406480172751
-1.2992314113836754
0.4015616050530205
1.6926296818886106
0.23069158966606515
-2.15287042804001
-0.2777815991841388
-1.0888662737305026
-0.22417572618210357
-0.4947432175521486
0.4090310678208251
-1.3457341492860853
0.15291091923765662
-1.0324111258364592
0.03557158579412882
0.5326048531871818
1.6046886588245324
1.187777652167724
-1.408085962809807
0.5773741031007597
-1.47738618257722
0.3039105770014326
1.5461702914459485
-0.21263484921408787
0.5646218751541414
0.4411153707928354
-0.29340512558722
-0.7019705353039948
1.6965006423773432
-0.26106882520302976
0.3541673908875161
0.43180800238329314
-0.022458843620856157
1.2877367304385892
-0.21430790472547692
0.5401902700158414
-0.034200207324584245
-0.2049955137964222
0.24481015512467416
-1.6282309964080157
0.11785323457091426
-0.6525440253412321
0.21373016067542494
2.0621445037062065
0.7397561429786081
0.08415609280130608
0.6235342974539086
0.9072980769112974
-0.5524586815195748
-0.7106675448733589
-0.8319285489475485
-0.332393462242564
-2.136228756864158
-1.428764964524922
0.020182814884046395
-0.869902201134726
-1.8282635487983674
0.9409608612606069
-0.24012348668997063
0.33502612201035287
-0.3971776449413701
0.4037059743048405
-0.01383135358219258
-0.1984403409695746
-0.0831984362823429
-1.1193312939673403
-0.09172124291377146
-0.08314586774760649
0.24431326834572054
0.9942577576799511
0.0339080158524251
-0.1281250202538184
-0.6412721030783353
1.4412248708013138
0.04747806460416232
1.6849816524536103
-0.7320170838795347
-1.5769280383786177
-0.5976720168729571
0.9459342322800152
0.6354434725812073
1.0414243197481976
1.5389460643413868
0.04487843955408915
0.816927667517064
1.9052335902637134
0.37031901805427037
-0.21673244447693416
0.015656211306615025
1.7375719421130835
0.09316373936439462
0.4407226229773593
0.06836291977622701
-1.5545143247657096
0.29981259359495566
0.8364396574615729
0.06429314157678175
1.7082847074849525
-0.26691231227845846
-0.679228413885199
1.2233291696704653
1.0223697223853319
-0.3547380050407739
-0.5633759670502385
1.8544389136469317
1.910906337973866
-1.6754931145436556
-0.9551387915184121
1.1901627852825332
-0.09493889892760081
1.0230262870327222
0.8355370870886498
-0.5394853812159127
0.9641241561273195
0.282021541465591
2.321628263861699
0.32204298455993674
1.6944730132512917
0.13875806487615186
-1.1297306168351486
-0.2498704422266991
1.4574314910673136
0.11494644804622806
0.7340263755703222
0.11483877606518195
-1.3085780052650857
0.12871542096180935
0.36885524875431697
-1.7370473881922148
1.3334982463311535
-0.4482375796762533
0.9779021533621978
0.22219469319914095
-0.10981028537596867
-1.443215080835059
1.2287960652745655
-1.7235293419369517
-0.8634375647866993
0.3819187783797767
0.6096468505920731
-1.4939418227298327
0.46689499359119946
-0.04542648436623149
1.5972090377767896
0.11911728679714864
0.8796214599373532
0.043400004577618466
-0.6775376713187152
0.09083738493672615
-0.6159093393668825
0.33868167982131686
0.46011945423957995
0.14060181860565737
-0.49905449708564126
0.38404955996555895
-0.4398208494599231
0.02601694671815943
-0.14918060141925946
0.5144352222141053
0.8958460103172493
-1.9702519979997954
-1.733023879961295
-2.1764554393146254
-0.7156695890587361
-1.3758041467378261
-1.0871694393085596
-0.07560864703774899
0.2322134842734088
-1.7075994801269652
-1.228078588227028
