0.14887438963604746
0.8489937092492857
0.1620674888371734
1.7489253228749657
0.5338313804488496
-0.948417618105589
0.18353317656201706
-1.6357551351612531
-0.15521006652498034
-1.0039246676461837
0.1574352435669142
-0.5068052684229705
-0.11358962096039792
-0.795597341169797
-0.4461863031767303
-1.3666763996123643
0.08912871702520628
-0.7008966871897985
-0.5612369235939259
0.16752825445799915
1.226871755366641
-1.7360490987334753
0.6794373389158318
-0.7715389398277149
0.6027206293203891
-0.49726359022557454
1.4524066094841293
1.337209215316151
0.5507334474527961
1.322872617943007
0.15094614752556096
1.1742704525508898
0.2783227073590117
1.9539191379440939
0.179926121516866
-0.9667453649699919
-0.1919671179439448
0.2858640117247399
-0.38479440055811814
1.5197053936123677
-0.19765776100896182
-0.4945172956795904
-0.39465830585709794
1.1578343650594642
0.8878599877558697
-1.4716147404439615
1.5557296455625547
-0.06294030516605265
-1.773477832876927
-1.1835953332736007
-1.212885422742449
-0.9399849792854013
-0.1943504921219478
0.9812121542575385
0.7631958472696204
1.1749682782092312
0.5731549821836343
-0.6142278427131622
0.1956230544355594
0.0067595449995144245
0.47175231515843113
-0.7248719525903132
0.11122449071108693
0.802764484262109
-0.1331663079360283
0.2135499871523525
0.14479677204501973
-1.2718515082190671
-0.09205720754637839
0.3044032852383416
0.47856150746107906
2.230505395844824
-0.19926106993155826
-0.836945366183422
-1.8275271304107428
0.11303758123495403
1.5666411862632685
0.7270616315299032
1.3107095753843576
-0.9934978331554101
0.20556108289325437
-0.1844702828276766
0.12827290027485252
1.850854421512282
0.022314508227344217
-0.8155563813149181
0.5191082284545513
0.3389732810963935
-0.018098930922891
1.7809463392208515
-0.3107874600452878
-1.5906970972376273
-0.17883742351427437
-1.4203806561417707
0.35513117744159217
-1.778848127885624
-0.0570446044896821
1.454120657690433
-0.04021433792335459
-1.4593515092396214
0.8645610795374874
1.4711779677674877
2.348746394732312
0.9654080815764451
1.024173373609221
-1.313043669488223
-1.0252006915791918
1.4647582819660672
1.427254466886101
-0.7006411482894012
-1.0494767442440451
-1.7783114942993274
0.347524574056481
0.8703313281993021
0.23594570221713349
1.1169161207607023
0.39075671709422927
-0.715722006799969
0.1853275828613567
-1.4069233945377906
0.34891206775871086
-0.5761853857659265
0.2159885852016208
-0.026589771304129158
0.20871723800107558
-2.236225325017434
-0.9529844237706221
0.3950002431678533
0.17062880589995624
-0.34814172177785774
-0.6074312588152039
1.4655465362241238
2.0652525897159895
1.2559179173653843
-0.6475645141968076
-1.6287799109773287
0.515068037788726
1.2179032506999732
-1.326619565757778
-1.222597187379176
0.10396130291288216
0.8869663582126752
-0.11049322410917925
-1.4856921012122837
0.36844113647614407
2.666689661326401
-0.12094769663964394
0.3156642504451585
-0.12710563870069114
0.015701323237496186
-0.06588634575148375
-1.0802714427151043
-0.0016514403036608461
-1.9274703988468773
-0.26870937711230863
-0.008426589775839115
0.4511294087350827
-0.01088556304249694
0.5457211788827087
1.8038862409593852
0.07348923487334909
1.8551392962541862
0.8782235432951182
-0.3765252569906373
1.0305395528857348
1.3459073359952252
-0.38235725345329996
-0.9074963675543228
0.29913916482314523
1.0398163884838503
0.16598764772799654
-0.24749022722024047
-0.18415268897328446
-0.140504546522983
0.13470263906282584
-1.3874750420705972
0.009579026567765374
-1.329005552444355
0.11903294120515621
2.126131536742754
0.4065518880539181
-1.2795965375644665
0.3260069616205692
-0.8686592152334012
-0.3404638727697366
-0.907314813498132
-0.8702166595837274
-1.119124510366526
-1.0207293025157316
-0.3210122872431004
0.4328926437349338
-1.4089395212117013
-2.4609469752227344
-0.8953530642946045
-1.1333559296041031
-1.5485418440683156
