0.15539350075667635
-0.5508677145565621
-0.011704899648702891
-0.8029340166969027
-0.08659861770308193
0.09744861680743684
0.07920371650318997
0.6660762989259106
-0.2550256925509209
0.046629003671431433
0.04520224651544038
-0.8791298441120572
-0.08569158209548289
0.36530308304046877
-1.206196159837421
-1.54692472469457
-0.2896300303015256
0.8563185972278924
-0.926344510180086
-0.8923255503054477
-0.9305809656592549
1.504844090008313
1.3802408898994334
1.5302891969603984
0.26631205918910794
-1.3049352715740048
0.11671497267569858
0.6511315666633519
-0.055064477978263776
-0.8081861223516086
0.16595255128831443
1.19911337248787
0.30429133868757124
-0.08635393376973545
-0.07053323517573713
-0.9476541742817566
-0.12377356642980898
-0.9323556134384049
-0.11446477117662085
-1.4619839505796572
-0.30583535143509183
0.09225592109750841
-0.918231196432051
-1.528837510751596
-1.5106451952640125
1.0295637932501553
0.20843426820647937
-0.1302834417071502
1.4982669813491585
0.8269975833542529
1.3419056397056488
1.5510018992381023
-0.5276500494285578
1.2307646144510007
0.6111272239150354
-0.5110324899921395
0.328235580252026
-2.523141845570326
0.06114916031075124
-0.6860656516004962
-0.1270829138231582
-0.49350083645521314
0.07820825710632615
-1.7748487697427464
-0.04919412388437787
2.3162581054382843
0.14511662449445992
-0.4804273245015368
0.24723980393625294
0.7192698673987948
-1.371692199262886
-1.6847951446161245
1.2606851411161515
1.5115953423494737
-0.21202026880405564
-1.696788538920673
-2.3960821329281465
-1.6623346908338597
1.267568574326785
1.6857811903646969
2.3261624567727246
1.89920598623819
-0.9603477561423756
-0.6839471679214469
0.2132515987328653
1.309202438008129
-0.15387292362261054
-0.4291731448838274
-0.10698870787193976
-1.0495418933717087
0.2866114754933258
0.3782695205050303
-0.18139506273048542
2.057816681353866
-0.0658818655605223
-0.24091101894956674
0.32028500019031536
-1.4914159192653798
0.5278432999395791
1.0746447425736383
0.3649663442950053
-1.490314603389351
-0.4073535480640225
0.6741674517674866
-1.811181560725297
-1.0972170027388912
-0.7036112763380027
0.15831841373119634
0.13654003936341388
-1.402796242384583
1.4842101309527518
-0.07633760012395864
-0.30172348396257137
1.579794817911987
-0.0009068843913769505
-0.15944148549710024
0.010870555222623646
1.2280810272346694
0.07525208970995287
0.6329333486624933
-0.2796084318788495
-1.46810883228137
0.09797086437170989
1.7599432833141346
0.3031368963333074
2.361603670796358
-1.1537925694728832
-0.7276659990404132
-1.7752256038436875
0.7412885491401069
-0.03498609922051831
0.4257653547805972
-1.3206811019653248
-1.7674563324657717
0.19811105981436808
-0.8839226241408611
0.193233508550611
1.4648617393114072
2.5461312776083114
1.8729496950111217
0.01101914539376519
0.27350769526606655
-0.14718081915060346
-0.12686637443032378
0.24738998612807508
0.5408404100594852
-0.1618082345383927
-1.541152169678384
-0.08043867079215648
-0.4411132999428243
0.427458882982111
1.460525742020881
0.10267138701733804
0.11922656989750081
-1.7052013513656181
-1.7425903054651162
-0.4255261007718136
1.2272283907346093
-0.979931513556697
-1.4951978863844724
-0.10344423990144928
1.3163152662391857
-0.9756106092463008
0.36546329974710146
-0.5847197262065037
0.6447098010941408
-1.8804125722357763
-1.4081568825891992
-0.20937145946738367
-0.5821809159384039
0.0060322117505090265
-0.18010776766111367
0.37170558715350177
0.8927898103414564
0.0037918467234228283
0.9821981830676189
-0.02263013845674943
0.3299688756424406
0.0392954534965699
0.8769671068658697
0.08882562406597416
0.049464521325819195
-0.39995011275737913
-1.1216648830352172
0.38127921369659556
0.5333985666492084
0.2908719542132886
1.826520909921251
1.8974685828595277
1.1875516648932727
-0.16056687069048556
-0.038451098385960954
-0.837178406520947
0.1923858768235482
0.6767847361126325
1.028036959621868
