-0.36154152743913726
0.061366234856972374
-0.15567164242789563
-1.052422240642337
-0.1939549389428552
-1.2698916019958686
-0.09394395614860279
0.8716238204507074
-0.21114032139639827
0.8108404220756531
-0.17054728408907927
0.6359731448424786
0.06349503734220642
1.3972313917533752
-1.9157885231719378
-1.886305965183203
-0.2940521127726883
1.499381684448563
0.4405245042638118
-1.2464451564844343
0.6945951067020468
-0.9257126921789598
0.07090194394542652
0.19300414608794367
-0.35300624406781184
0.48786836627160884
1.3254694183842965
0.6482964668072632
-0.47464847833754525
0.6739871542861483
-0.07672494536407372
0.6623965150766097
-0.1697290098778359
1.5554475157212972
0.05134221923270256
-0.7275878392846664
0.13803251519121087
1.7851073305165062
0.33578077168538384
1.43788950175735
-0.11285165314797223
1.5762967858350738
-0.6353485708291555
1.4318311793684382
1.3453080635817942
0.45526894241590815
-0.7114510185912777
0.49697283098178013
1.126420399337639
-1.3059067150083605
-0.349938635244904
0.42167213933294617
0.271536102793271
-0.8208218851058448
0.6279249635959818
1.4042713860754952
-0.22445316155328213
-0.14223227760567095
-0.14798975535325523
-1.733878371656
0.1599225221486908
0.9216829379397685
-0.11289695161788796
-2.4569086562691123
-0.35007862187836425
-0.19522496755124213
-0.09550170634404678
-1.7123385927857115
0.12807785092917742
1.604399379619234
-0.7324921445553549
1.5672443960805782
1.8602020168194813
-0.4394502850319624
-1.1453298197076884
-1.7082174416746636
-2.143879029444527
-1.395874491604248
-0.2889712427777383
1.1033679782801729
-0.6729823895784228
-1.258470176053563
-0.9570931680625011
-1.0993673437045277
0.053824358535973
1.0522392444521387
-0.3445933538968757
-1.1925345184364693
0.2810112816866436
1.4579658245216316
-0.32291820345175914
1.3382800890777578
0.03793187001427365
0.439881262450427
-0.14827143667536688
1.1488528697076408
-0.44539690091176426
0.7752375069849962
-0.9903349228396449
1.187980535256252
1.34774479981185
1.1901059530519937
0.29303307640644544
0.9270237305363066
-0.9823814965510506
0.11596164046190838
0.6653760997383703
0.6386365208759
-0.4732821315196366
0.805716151848015
-2.014728982097684
-1.67682172993714
0.1718968359503977
-1.0862016692038203
-0.022411260475359383
0.44187406072892127
0.211580941642802
0.8524565224590329
-0.09121953858918348
-0.8044086636723731
0.2150962452951396
-1.044544489108319
-0.03972680312702344
-0.2994443997850259
-0.23536395616589345
0.2621870124893741
1.6013245356267407
0.6472929134725046
-1.131436550326877
1.6698165946295036
2.042538908902684
1.3475100836086917
-0.7391091314678632
-0.7904581388954804
0.14283751728006322
-0.02167282460039449
1.054267954623298
-1.6692596875184096
-2.416696638466972
-1.4113400462432806
-0.16268755264553234
-0.7650263005770211
0.03396712567683978
1.650174340241074
0.09291988123403327
1.7471126779680386
-0.10977718632948583
0.5867115779481603
0.009062365309581476
-0.9528399426615317
-0.3187588885933904
-1.6323434644678436
-0.3700235028743922
-2.584303826559017
0.9219724067200016
1.6288186438404215
1.6848299302315997
-1.6192669134594424
-0.5266423319405239
1.5761150625381022
0.9444820212349986
0.1815502471331163
-1.1326739278603186
-0.3234229655923825
1.211534808981511
0.5180928958495105
0.30218840684674625
-1.4673497798153639
-0.3289989586538484
1.5946412318112486
-0.0560183303726872
-0.5574263100252824
-0.3658392907576254
-1.2989938309777944
-0.13669097874905034
1.2300788371996556
-0.15951863694072466
-0.3730314140811078
-0.1239507493617591
0.356874051706049
0.07027811153762152
0.128779999569744
-1.2298139506696881
-1.5286504801042395
-0.864659875792064
0.8438046109288442
-0.08651162655943295
-0.672590923753218
-1.4763360181814928
1.209088993552994
1.0191063421633921
-0.40210984221659796
-1.4291714002985931
1.259671854236697
-0.09234783507441305
0.5091036090295041
