0.17453772176417912
0.015778678404432953
0.1711299949661691
-0.26527145106010697
0.10157415490091541
-1.3161622359104417
-0.1132777938521921
-0.7430149069956167
0.1695448779615588
1.9459203932691882
-0.006858311241087588
-1.7433152613371017
0.2246142410538644
0.3561054495358171
2.6787116557574464
2.1414151442593568
2.355501609721269
1.313830655784287
1.527402777111094
0.48693041712552293
0.038130172870663864
-0.6592958423695585
-0.27774893119260397
0.31119385688735024
0.3873664137389196
-0.2393309365629872
-0.5427219603841982
-0.9046860221583559
0.48166152674877766
0.9421853994588355
0.40838114899967537
0.36745915179422856
0.09554486270216188
1.9943587630235808
0.1781284440610074
-0.10777573638046324
0.5049762095327094
1.924458951685775
0.1078975403713712
-0.7092674208102195
-0.23746563089203743
1.7935502665633947
-0.7863761123411889
0.901272117787823
-1.2458087248724694
0.3497459626862264
-0.19135905652468158
1.6658586630691905
0.6882220482086625
1.6328211577911587
-0.12520270582126525
0.6837350197930216
-0.9209304732994655
1.1103786759813206
1.0181726604739858
0.8432168912921856
0.16477497301286448
-0.9437020140511236
-0.18849399937424
-1.7755681600678699
0.09817153491337434
-0.9256993593134499
-0.08852536175266584
0.1452661259067723
0.17132636981072552
-0.4617278217124355
-0.33656427554018975
-0.7360574585818428
0.061024630286420696
-0.4031975944018276
-1.440862224192472
-1.331184225814483
-2.404312121906139
-1.2125416671896756
0.8914355295748972
-0.5211879469223969
0.3719917064009947
1.349436119563927
0.9544936772803054
-1.2652707714004656
-2.5715806619923827
-1.097634361514552
1.8145171366131763
1.5743021333718696
0.1542865884127422
-0.9307482293056859
0.10793722360690919
0.3430454146381
0.4287707989551627
2.3769991385316174
0.19605666927823104
0.46875613703838814
0.2837976564786509
-0.8993687048274948
-0.04915555333444761
-1.244396773914054
-0.2843099487541513
1.2424916592438402
0.14280900935050136
0.8260721698371047
-0.20016489826858325
-1.314069109778283
-0.9164559854015989
1.8191563953699015
-1.1440634941733352
-0.480794333566395
-0.9490905282764328
-0.22328891173802684
-1.3902298842349308
-0.6875802343485298
0.2871383455320974
-0.9030926815703688
0.13740211382440065
-1.3868886707292565
0.06928376534645497
-0.3194909439094231
0.016012931348647588
-0.8525603910332926
0.36204951687037495
-0.8288396912115766
0.15231482052471795
-2.132622541164634
-0.24341666404799958
1.435061279776976
0.06369124324386975
0.04159646943474536
1.3995196079293593
-1.1259482364842497
0.25176782961379857
-0.08902126095856287
0.34599161443184573
-1.2665955346021471
-1.5011372725301526
-1.2982166836482507
-0.5711715211651829
-1.2733755975408432
1.0977428134963625
0.10439765172122165
-0.3822630591151997
-0.2781339615633544
0.0921542304072664
0.04950530502232153
0.5141728244160655
0.7856052854691048
-0.13239644576674103
1.8170772925988037
0.3716081909811653
0.32058776078554413
0.03625061655241359
-2.4688935234567757
0.08307675914359694
0.12626658810235145
0.45850931746697254
-1.0295191019866798
1.3350066613184366
0.6922254178996317
0.009555019982818484
-0.5508134276403028
-0.5107672827328337
1.439505891578771
0.08177956416827496
-1.6247864800994525
-1.6725101899009958
-1.79003586524086
0.4885440706435099
-0.7640017763068062
-1.2633250784037942
1.2895401211019597
0.09615338375630965
1.4718081330166066
0.11325369428532645
0.7377896626513623
0.0829081885102058
0.3608500543984784
0.5184593923598868
-2.059548984939598
0.09412844878209106
-0.592507973437767
-0.4130219300020099
0.9896045840735589
0.14461145627087327
0.4063162506464545
-0.40718959866201054
-0.4005231776733622
-1.4531014075202684
0.3655433884234579
1.9379855745489365
-0.46599038760061967
1.5346250533657528
0.07995026837194603
0.40356561483619036
0.38833200651241934
0.6782327799426157
-1.5207848992437982
-1.729197057957362
0.6176940994027493
