-0.08138424447404669
-0.2591663544852808
-0.13672450753650944
0.2441517089680762
1.7363783382444868
0.7022481560301619
0.24713467348886528
0.20778624303980384
-0.8599531698586266
0.8185848074440942
0.7676041302451571
0.1567780475279384
0.188878752810358
-0.20536306590744918
-0.375342587305163
0.09112038471957844
1.5533857504355408
1.0032248326720123
1.738568961394593
-1.424011969030284
-0.7900322677669545
-2.027357842814016
0.4750939307944343
0.478830481389448
1.0045159476803358
-0.13886937509860683
-0.5583284739861664
1.0002293637592934
0.057876179815631736
-0.06012514639979386
-0.6265888943080362
0.4699285051895589
-0.5644387977814641
0.38050269481738513
1.1469329371375223
-0.07778734079347115
-0.7457375253200339
0.6777190986579276
1.8041161559514798
-0.15839636006558663
-1.2527553753426126
-0.008631564706261322
0.36186702430395
1.864536120400494
1.4322890844734528
0.7702658866561137
-1.700670147458173
1.3818862341863767
1.264021072680552
-0.306644339933311
0.2350806833199882
-0.644361494678335
-0.09651068281008894
0.5478468906032695
-1.5279462512294597
1.0707805267093915
-1.8195151444752193
0.5158522998216517
-0.9604410964848887
0.26003983063906505
1.598645798544793
-0.10896183842256581
-0.26866203009950906
0.2058438553169218
2.0236155297331693
-0.015223897468454444
-0.25101181578770404
0.29130645149534096
-2.2215762799958365
-0.06727365779634126
-1.4960089345187675
-0.9558868314540054
0.0027953002968973376
-0.5425520112346822
1.8998576769181632
1.443163609413076
-0.13080708174106717
1.114432944264064
1.0147755194282273
-1.4194268462137274
-0.44886999637760383
0.40274728552424793
-1.5935454814859844
-1.8872807911057627
-2.447085617963387
-0.1527138618967853
1.0134172234451055
-0.09422881183923082
-1.0721849487587907
-0.12992597329235966
-1.0882691805857583
-0.20142733213515987
0.48438636285819325
0.5867819835807709
1.9515741848941905
0.21736617830866184
-2.43599247137189
0.3928172335858558
-1.5634755040901815
-0.280312767230094
1.0275938777236622
-1.0082086959040555
0.2370745935579669
0.2572592093300691
1.5558533796100509
1.5159521812419754
-1.2513662698646433
-0.6631970027818684
0.2778677307645152
-0.8322129717237505
-1.1334612156879151
0.19317974730494203
-1.20303058833032
-0.1035099715049722
-0.36949630275644735
0.22654644711825603
-1.9783648678592938
0.29694732719405276
0.9203114777383591
0.21733109199459685
2.2936162239086637
0.8153746599758325
-0.49963327071510744
0.2533890836289338
-1.227933445173113
0.6325209584518257
-1.7754051380277498
-2.376138321098841
-1.4285672326986505
-0.8529109670385103
-1.2705270840958138
-1.1801776658191054
0.6260279531519704
0.45864407513806726
2.300238964488246
0.30386715378901924
0.9803796776027105
1.0066033289276266
0.24799876444344351
0.5100736985478614
0.8384456212398889
0.42405280286379093
-0.33587588858769096
0.5120922816782434
-1.0420544939856438
0.16946476005728564
-0.4467284801250331
0.4566445661798587
1.2594223652949277
0.476498461503329
0.25327859291799226
0.4977752854244197
-1.3347485619613195
0.3697743223442457
1.259117937733022
1.7804830170312682
0.8345638475409437
0.5519740834454326
-0.29272289619923986
0.9027767298072905
0.8185129389310193
0.3796480393863322
0.02289895693427996
0.39169034145915055
-0.8686787847192992
-1.3520350541929014
0.002022176516588431
-0.2312150605805056
1.3713747389928108
0.2929442193575068
-1.1584939085298633
0.15293096939248513
0.5820178704833986
0.18367380435856703
0.1286821483392281
0.1688692001904364
-1.379282066082107
0.11268488156565719
1.1383250660227426
0.22148312560423686
-1.9423389053662512
-0.025094415787048723
-0.28221951145905777
-1.5328639706608693
0.25041819287409217
-1.0629538075310392
-1.3713808032427408
-1.108034589162247
-1.039290087620972
-0.3183872244891535
-0.5512206408890231
-1.4897620012219468
0.5895092366565968
1.3026907718315608
-0.9195032288811857
0.3678375420638639
