-0.05127511975034257
-0.7611083532999969
-0.17149470454706053
-1.7156188268540118
-0.06301736058138106
-2.0452317816212613
-0.10183471442378547
-1.2159907547397122
-0.05100315967669694
-1.626537966737429
0.05774857056794185
-0.7243332079503013
-0.033334107348631056
1.3577533315452521
1.2586631672035886
1.0850521364203527
0.5316446355878055
0.42135968040782595
1.9354560935264065
-0.4934525170953641
-0.14655215822407056
0.8952923095122239
1.8891259538848564
0.6136702536449268
1.5155273347614815
-0.697067213419596
-0.780881980864732
0.8889438116837435
-0.10937375947008934
-0.7147497863814486
-0.13834612372393734
0.08378922689549738
-0.19048280495811226
-1.1649256419935734
0.034694736448591945
-0.21218566636395367
0.13439012623932287
0.35159265241593957
-0.1877581875366936
1.015090148511718
-0.1983681611718875
0.8538414158253859
0.9775010966092162
1.5246036294415566
0.7942246738457382
0.4751877850775722
1.1124582038658215
1.5206290426903077
2.5696116657230643
1.8324460985402211
1.5882044425517263
-0.7527911544421656
1.6306000845231863
0.36136647726761784
0.12257132142302184
-0.3549659684405821
-0.0766480238965719
0.5803831819362073
-0.12134272215214172
-1.411562038886588
-0.06851250308638764
1.9038453773826252
0.02484280662150255
0.15128860538215594
-0.060151555638484455
0.6514168501572715
-0.1451985556926582
-0.03945114654866498
-0.04674815062575696
0.3212398621276841
1.498796573842272
0.3334018649486818
0.09823993235365472
-0.6843136247827019
-1.2827249203204123
1.0708152140977085
-1.1577071361071172
-0.21882255536914838
0.9417239388041151
-0.17621881467829664
-1.3560148548196027
-1.1968608126340692
-2.070846861176039
1.0388037420109637
0.06907737036084687
-1.5680498909511216
-0.16640165465807832
-0.37712259644947604
-0.2797987521106962
1.8507166293067145
-0.192357640155711
0.01944606767570996
-0.061102499749845676
0.032289646883680606
-0.1323934465860734
-0.9880959292689138
-0.04168676420835762
0.9821107128129002
2.2082936728871863
1.2891003476459761
-0.31381697790405055
-2.202044316240303
-1.8820010444613133
1.1217306529724993
1.6268302756400752
-0.1837703008148497
0.9429883438093691
1.0131757298519268
-0.3401267788944706
0.1421458427654576
0.03919552559333321
1.9285280349525873
-0.050347243893385345
1.0140727462339316
-0.3051888581466464
0.9022713494775109
-0.06579350135182083
-1.4357981160362154
-0.12610974910506395
-0.4070030909365731
-0.05020928416818851
-1.194889098170303
-0.1138468932746162
0.47417184945413354
-0.047298878668686525
0.43814172993991446
-2.3098521059831474
-1.9188854662556378
-0.6772926095038873
0.3156967707792336
-0.17408201144219335
-1.1880848375732833
-0.46718665852492947
-0.969357645205698
-1.157013509430856
-0.1414165295548209
1.0969028826267218
-0.9488234053422987
1.305324883557154
-1.889436067705659
-0.19230443175916812
-1.8977108460536007
-0.16136049900088864
-1.0158463283756407
-0.24776935483011692
-0.9264817027844204
-0.003419262437108547
1.748032889157208
-0.22491127527307525
0.7451129147469008
-0.15116448607800623
-0.7028361371393814
-0.05963060868465293
-1.3481746566833182
-0.6067425751993643
-0.18402771955026614
-0.5594149203128858
0.9859513094563466
0.4940913987368774
-1.2616545985053047
-0.20111649336075083
1.693090730658435
0.7836573477976363
-0.13980623207432952
-0.6658960705311894
0.16206201354657548
0.8482135431978752
-1.1059241221775704
-0.06190303152801462
0.5675007757889717
0.13601874576099499
1.4090510983653362
-0.06704365422119755
-0.6583786183978849
-0.1915827988554522
1.023470840603752
-0.041090462768767634
0.5861418688288359
-0.22190286478854956
1.8921657563289829
-0.048653849405929935
-0.2623826429428711
-1.5636948066946492
-0.7695666567646812
0.5904235161587924
-1.6793651636294895
1.5527682905980678
1.5075127051096553
-1.067821539739043
-1.461342916236911
-1.4446988700484673
-0.3921137004685466
1.4146455230719583
-0.38052784784219135
-2.059856457270268
-1.7893525762741782
