0.5656030317031788
0.5714923076912387
0.012909260022045274
-0.06319251455033262
-1.5269129624872777
-0.25656209505283695
0.3365117689193976
-0.01400916142638107
0.16304344981828903
0.050579664306121645
-0.09133285476637278
0.013534542953040594
-1.651219739812287
-0.26789220250383244
0.6956457217640618
0.2115384921194951
-0.6910251023410793
-1.0978384653175806
-0.9648553661319212
0.14339054000931217
1.9266729298790561
2.107692514536698
1.6730431418331708
2.487077655166093
0.9037651266173878
0.5020434766503701
0.8138166197019601
-0.12922469773948267
0.8826052414281642
-0.14778082987097663
-2.436923118593331
0.15295020494477476
0.925232985383063
0.12610410159498636
-1.0987312964764828
0.2098135199471581
0.6955423006600854
0.013682572669053332
1.5924102578910788
0.22192694283769576
-0.5552541086545942
-0.32037741379871076
0.5154663743611619
1.2062994810090941
-1.3982251102306325
0.3604034988312054
1.7971531386647557
-0.8478294707960303
0.048164671793542904
-0.831383086571343
-0.33110147307005006
-0.3915263090309662
-1.779013480365696
0.4271695676174044
1.9171421440674565
-1.6746055779110705
-1.6441323288514658
-0.10238442218587278
-2.2534574605172253
0.4305079615455339
-1.1288923283553283
0.45516299282603173
2.410616331408768
0.3548312760848146
-0.8820618300244619
0.2871115958362799
0.02044210731450617
0.03415587246552122
-0.37197172451762955
0.06140623181626228
-0.5622442571226842
-1.4687742237840693
-0.028814292794559777
-1.4475726547361047
0.25861505209900465
2.33404165241446
0.8903172820031601
-0.15967747440083593
-0.22028105310941662
-1.745350954079487
-0.9881229258502239
-0.31743042686030704
1.7445484256402626
1.4167080148636089
-1.330795991968755
-0.08013031013650361
0.9404747903832986
0.04523816682909365
2.460484745646452
0.6536708858122947
-0.8755080152906082
0.17324926590549325
-0.461849872863474
-0.1352547577322216
0.948302175205342
0.2392942034877139
-0.023794011681230656
0.47172324560526374
-0.7918521531300415
-0.09131387238290715
-1.2445339094108774
0.02432319342915457
1.3000851920177166
-0.08064651022705194
0.6257560168478038
-0.005823758331920091
1.7475736802821988
-0.6301291542505174
0.49564344500070223
2.0937290616194923
-0.4602149007476277
-1.258763318230042
-1.6584760896996638
0.3182019615197735
1.164463682337068
0.49038396089184333
-0.5628259303564471
0.424155796296932
-0.12114788104346103
-0.23238350217653697
1.43437009529782
0.12724685131900512
1.7072289996690324
0.4444045891800324
-1.2973418499446394
0.20073080871515
-0.9405370348324348
-1.1269687898653569
0.5434353997849555
-0.5666582180130035
0.6031667573729351
0.3944461014175762
0.02223370152923682
-0.6238952930264224
0.20284505224215388
-0.8081249700442592
-1.6623730698620123
-0.8848224169508819
2.00675873748062
-1.284936926816814
1.1046630143485694
0.43557465792488764
-1.2274231721978028
0.0803571996117046
1.6969200195413423
-0.1396032471344237
-1.1973904903196249
0.040199029086751416
-0.49141544716937413
-0.30556979068132006
-0.536211198261607
0.10836759984197394
-0.9900575556537715
0.49037780146274396
0.6984613758387282
1.2568715324208608
-1.4835876235205883
-0.49944192614127064
-0.5627493657705656
1.6666933511161046
0.32455342188703906
-0.6357604013338851
1.4019005678088714
-1.3195874829240442
0.6363297917817045
-1.3055269969338386
-1.0706911592987474
0.655216807137071
-1.707660891738976
0.18702133918098873
-1.9822803251653776
-0.20244858323332107
1.3497101691949467
0.1395095111673185
-0.23699836740659994
0.3817128746681697
0.10822849861784223
-0.2313439573968303
-0.04950724142388308
-0.02513510229695722
0.40553820845707766
0.06886195379221231
-1.2559418313366373
0.9616902426343084
0.20326775858740317
-0.07037298195080026
-0.7663001302722469
-0.5001019976094486
-1.3074831483411453
1.0477927067230108
-1.2527112148910011
-0.1229269237042692
-1.4987348350858591
1.8070504207300515
0.8578141641561483
-1.283145931654909
