0.6662275585933696
-0.7480942413430436
0.4066818808266699
-0.9496590194086243
-1.1832795234157307
0.364727414106086
1.3429351780549572
0.7061315407188509
-1.4183295969574023
-1.2417301731216805
1.155250546972032
0.9874389728646867
0.26056526898345517
-0.7714379275861034
-0.617824045919242
0.03015429457847605
-1.317196197614373
0.3062771465958701
0.621032217323411
-0.1836197061756797
0.26977542293665263
0.38913707278666465
2.044194928643247
0.4651860899841565
-0.6995790063300734
0.39823955936872907
-0.29627793967220795
0.20766017785644608
-1.7041684176899148
1.2908836037130806
1.239948724067121
0.5705645766943153
0.7456636930721141
-0.5903682459238424
0.03422097395902509
-0.22577773533713663
0.6235278790137003
1.228356461051088
-0.7484553339168618
-1.1448664268344446
-1.060107476175521
0.8876231160224411
0.7920306840515673
-0.36102026364790984
0.6288786083457502
0.09175927403989531
0.3101473833084447
-0.4471128397880851
-0.6096327043528469
-0.026267451931405623
0.8827802082263034
0.43779745551166827
-1.3094681764817713
-0.06731104121986481
1.7357458110926598
-0.27217735131215076
-0.8407163117038481
-1.9729754442105134
-1.0343800899040037
0.6401835829713763
0.8786025972979773
0.19021874553286414
-1.7948746324216605
0.7565665207643949
0.2538836140225856
-1.9793996216312018
-1.798027125480333
-1.938656700130237
0.5743070315134189
0.9971914720319339
-0.4950719708598349
0.09501879634762966
0.9261510887286011
-0.3864106120068464
-0.7669546412635418
-0.39822529501778386
1.1732528340589488
0.41319583929255277
0.5470874028515691
0.2446950761171839
-1.0890559323665598
-0.25151352483336575
-1.2096323645965308
0.06621159678392888
-0.1570900920841648
-0.04627588224936675
-0.0804191092169279
-0.05504297918997976
1.2375238772394486
-0.9229710126662485
0.24977743920134204
0.8718868462580128
1.607905756816312
2.8116478235307785
1.8771518956648137
0.4137335243764191
-0.36667428157353305
-1.4658928805927693
1.0620990647469466
0.16201637830301124
2.0021281862437434
-0.003647257892122033
1.2850652304682977
0.07049791960797823
1.7577854200803533
0.04500004805541374
0.27250301062585486
-0.4019722292407995
-1.210699371887018
0.11105711542238544
1.2598983902023229
-0.20546498969150728
-1.4156484707862675
-1.1168185926339227
1.9355308347360352
2.5134063793794907
0.587663767695443
-2.174891431286953
-1.4618003314850967
0.9255345580573001
0.24230609412422482
1.7306649551876931
-0.3508392270614918
0.8197732994975645
-1.7791292620659653
1.2368134858727833
-0.21748785594889344
-0.3816653012613785
-0.7286255118459579
0.253642010729558
-1.3557458143927095
0.12538935468390053
-0.4061296021825531
0.4128205263197055
-0.7331993193971807
-0.05686953290418332
1.87177340166367
0.005082874169305329
-0.07586865372431088
-0.0695920302069187
0.32122191060186367
0.10419125657930652
-0.3777798751682743
-1.336108647356333
0.7083634664040573
-0.7430296462866514
-1.6825108167483842
0.09809217534135768
-1.7784633964469514
-1.904549549266578
0.4706679403218318
1.0302831615354986
-0.9096960072200092
-1.6275816510996448
-0.2586214777122947
-0.29674415010747424
-1.4336939048879846
-0.04435932303171551
0.49131378695099437
0.1608942109125059
1.1990128063771626
0.06948631026058358
-1.1754237260164513
0.44168795324627214
-1.004152514589197
-0.045166582591953656
1.0002099419427608
-0.04133858531197043
-0.2738832145464515
0.2786804283323282
1.9319748306974716
-0.1708602373509818
1.5770639967459004
-0.14851818761527774
-1.1890345423500583
0.33426242245581317
-1.053711867813936
0.7928472088070556
-1.1687138811803035
-1.0020551550135777
-1.8431300825973738
-2.222685698986746
0.40817659137225487
-0.02393025977586007
2.4068939554802817
0.14556204257232264
0.11503499507313385
0.09218194603771558
-0.7799201337125751
0.37824001699547266
1.6182344201217178
-0.22381635008748677
0.176498957425304
0.367649664385196
-0.5631243016285306
0.15780411093719282
