0.32793727586945887
-1.5781988622333623
0.6899532812865565
0.6398332730041115
0.264315557586023
-1.1031995821323035
0.45990124184778003
0.28248815795806925
0.2747199288735978
0.7136750667324525
-0.02659165882607291
0.8644237465077909
-0.27012011168141326
0.8040497758918019
1.3838315741250145
-0.8147530235272362
-0.38676745866233475
0.8575653958936644
0.4304359995125965
0.7240450228965509
1.3116182370749099
-0.35673994159526445
-0.23049221463159836
-0.8871554250973961
1.1581520354636428
1.0166003928646898
0.912606364845003
-0.31367704261189605
-0.12946485502332195
0.9772467614298653
0.18003800656602173
1.5717496076178534
-0.08380034602028434
0.4551026932343686
0.01405659572592987
-1.25029459991345
0.057100604977951504
0.6855095873359597
0.184864064340076
-1.0340986100413696
-0.23719664232412516
-1.0604428714411316
-0.03528811005611187
1.733514173699438
-0.31122643289020296
-0.9943498180947228
-0.28258251813318225
1.2534464163340844
2.4906488246661325
1.6765107835528275
-1.670337627853535
-1.481596405959716
-0.35896077976746027
1.9350187568513306
2.3019315746917206
0.5594815141867752
-0.08728653650180088
1.4479223526325626
-0.11010003847723132
-0.7802036995795758
-0.2509808986624331
0.07490979528933932
0.07052966962177352
-0.6317046842006483
0.2942883750428552
-0.29791403982739245
0.2918434533519695
-1.1991547696448754
0.20848666114135636
-0.37627291534696633
0.7979413655729138
1.6834389855357084
1.7955781305881318
-1.6938203889147099
-0.682245718317694
-0.1307914743908037
0.8870191221963893
1.212280299931367
-0.413756779794085
-1.385704007405526
-1.1448391125591004
0.4561532449244423
1.844249726677823
1.8701298511163162
0.21102905543814826
-0.4729986774939185
0.21979931385658483
1.616486135645993
0.2846499104735464
-1.060190588549807
0.10353937009847856
1.796504287018518
-0.22013554130680327
0.7963420253326013
0.024902908834216843
0.258038112351088
0.07760445925977794
0.08692987992837371
-0.08117679509151918
1.3096957794972577
0.10268490012957102
0.4565938149083657
0.6150124395270414
-1.7985591833629622
0.15372078024491204
1.8188581408814561
0.700510901248121
-0.8627811121078798
-0.98792837249474
-1.535925310928539
0.052566510267352616
-1.7891473998932594
-0.40012918336372
1.6709764820991557
-0.53146110531697
-0.5415007002065868
-0.1387533921300359
0.4716022885410648
-0.2073325257749502
1.781617614805097
-0.03395390659794702
0.10584365158704957
0.43625661232883167
-0.08844476906872441
0.00889926141637487
1.6841337982363667
1.4474956205763778
-0.4327054813106492
-1.3301127094905079
0.5540265747832869
0.8708161637587601
-1.1637244410442587
-0.37417122495786603
-1.4082765930167387
0.4771497260589216
-1.5137968203821057
-2.0435939828771486
-1.1981037917340933
-1.6755221326527883
1.9077288411167328
0.33867280618004986
-0.09370075117651043
0.0677253109340887
1.0900055611570847
-0.27145270055291953
0.035378166417869075
-0.02984058711436892
-1.8895138782490561
-0.4549451692218392
-1.7121258037918992
0.12149226246273015
1.2953656492357974
0.2367517685804872
1.9728665666507315
0.38506564631585727
-0.8034354006672991
-0.20092356742625334
-1.763396187100939
-2.130385926755688
-1.207296642428189
0.45269568492623663
0.04181814685695133
-1.0132907590144093
1.2579662692159654
-1.0300161445550973
-1.0068647392161776
0.043488455135368934
-1.7808149744262005
0.43624643495767473
0.8066953138436813
-0.07652308824401986
0.3637466768161618
-0.30726640012174994
-0.2844862722470004
-0.10900641037982085
-1.4834989717971554
-0.33708158286261386
-1.087583834794562
-0.22625347425083875
1.3447170654814613
-0.06635580021371838
0.649622963723098
-1.8152055586294056
-0.049185440397003136
0.0032771654452959887
-0.7845044905736259
-0.03511731949841733
-1.8067929627317119
0.7006405374003861
-1.0978353698917012
-1.9671996208415816
-0.3126524145903234
-1.6732401999245528
-0.8584225612860577
-0.5695963917237739
0.4349500009379448
