0.25066022875972827
0.24886490005360162
1.4493297951723634
0.055524949195190465
1.862236402201493
0.3442504961381921
0.8397671286984458
0.07332634813195599
0.15878572308158787
0.2628917248294687
-1.8634644556960005
0.08691943398133241
0.9537896080293529
-0.07203672986563223
-0.21224470193690434
-1.7363890344882809
-1.0328255515369626
-1.7049349874484991
0.27309527074111967
0.3696527535917027
-0.3893347889320032
0.3034443873918469
-0.35562589666428024
1.395279561985371
-1.0022310705966684
-0.190899664552343
1.9273458858863046
-0.40357745172567155
-0.9020843854336241
0.14488549640013326
-0.04718217531455627
0.5213569049890464
1.6537374438525279
0.48501346757052916
0.1824759321755209
0.2240210535047866
-1.1062970243341435
0.047421814490451894
-1.4881251714355745
0.3493129934823402
2.1676498561921784
0.1902484899577773
1.0043888269139758
2.1138149639120347
1.7141978053245166
1.9338578922374616
0.9544376667203517
0.22135724340957144
1.5405050061653631
0.6387680239791581
-0.06332973162679512
-0.0675380553501252
-1.329425848418971
-1.1274434366687687
-0.7874489039120608
0.04366211013652032
-1.9920242419744962
-0.274283763232918
0.9673839656489813
-0.0022624124886813255
1.3239398562079545
0.23245227099830065
0.13777633756590352
0.08135353695515123
-0.9121948520722384
-0.27135367333627486
1.3404866715203174
-0.04074665260475103
-0.7794954099814071
0.2583792053218994
-1.55363908394582
-0.045718288676830754
-0.508600295724539
1.3457016505200912
-0.020359443762917217
-0.948263656250147
-0.5565621177509583
1.149078541980585
-0.057580988445302295
0.827977079574136
1.3674901912462016
-0.5717490362497031
1.2627907420544675
2.091383936833353
0.503668552625937
-0.1465823913209006
0.3373882819388988
0.41031306977374976
0.6419393247485746
-0.13789883211996606
-0.6559933489432356
-0.27334206649436316
-0.08964716428941301
0.18191137670857557
-0.41373021571761404
0.33486270119963246
1.7815655440091342
-0.19642833816240868
0.0576246821814982
1.1156192172482455
-1.5354218196796563
-0.9871348284112367
-0.4146089332009375
-0.062027702901711716
-1.7348547065590232
-2.077125154292432
-0.26632832270252993
1.2205254886086492
-1.155674189316052
-0.6044039213791288
0.35624852274084196
1.909143646708025
1.088474035063693
0.13628420709597655
-0.009466265338996855
0.10508988857571692
-2.0665074823342713
-0.056643703929860914
-1.492345456121741
0.058427126478026496
1.517360712907484
-0.061958708012540505
-2.090448211369205
0.1591360340528463
-0.7406914562690897
0.5652640466381069
0.929465289602484
2.177698843529603
0.8101741451772646
-1.0639216508636018
-1.0887403066519297
-1.6171085997735295
0.17589509003517761
-0.24183291581695235
0.7681667486275129
-0.6177657399692753
-1.0059039030536228
-1.4220790377306138
-0.39828803308609917
0.20902085353863392
1.2704374864213563
0.026280760379883403
-0.08686417295111704
0.25513004918981097
1.5959445936374925
0.24428465600196642
1.7788832081861463
0.13384708900274497
1.1928739881110584
-0.08171523548866311
-1.8058693039224671
0.1724073793507287
0.026084279390795332
0.5186430408412994
-0.6465255943797897
-1.9160052286306033
-0.934351533820791
-1.1246602365014575
0.8276126284500552
0.8074715497624185
0.7345260402237763
1.2770749691911738
0.1924141372162872
1.4751033895180423
-0.8224555099427819
-1.653004066422626
-0.9076395342507698
-1.6284519000404656
-0.8200335965109881
0.3132037764925714
2.003826212364565
0.07303259373656229
-1.5236556204389362
-0.12095941788269485
-1.103253029694541
0.05886115226736596
-0.039108914120481085
0.0054494812966140015
-2.0246042299908806
0.11678884488277755
-0.6145594641830223
0.5031921759762361
-1.01246723926377
-0.78812937649925
1.5855878436463988
-1.251777290234083
-0.1312819255826512
-1.1286084504877458
-0.3471743582481252
0.28011160684988906
0.6789302166072413
0.3560229954650291
-0.8714126999874712
0.09312938819481553
-1.3416110435063167
-1.6525391769507258
