-0.005313201441440249
1.6096010616474534
-0.03879703193131198
-1.5510556610288944
0.08060786748048493
-0.6828807616008261
-0.010129919999639834
0.759799422627351
-0.014791646515744692
-0.13738237790466223
-0.14142900368852193
1.0005986625860712
0.44113549634991656
1.7688101040611517
0.6197810671492756
0.2701852209232483
0.22425937096169865
0.8809189545657922
1.931193217250548
-0.09765395931312167
1.6641560788907475
-0.5383549429868083
0.6491658141616053
-1.1656097009734854
1.0815022217277206
-0.22245862233526803
-0.6487284153766673
-0.057657266891235064
-0.274732284175973
-1.9129226189156094
-0.047941619500546505
0.19900638191863593
0.05549885344527638
-1.1381444436905015
-0.0573163606651011
1.4674412184936734
-0.012174939042300872
1.0758436507233118
-0.27444103266442305
-1.8296698768238733
0.34930110425863414
0.8741420984572644
-1.1135878984718144
-1.265735765050045
-0.06186264563628968
0.7690226345147297
-1.1227044053796416
1.7366301061263696
1.1304170124134292
-0.4752938276663702
0.41453650681607007
-0.6723554090343176
0.007408309079197473
-1.0444651957883615
-0.8172866176632686
0.7119240422198331
-0.5509668929726393
0.13797180869603373
0.07012467724237738
-0.307424490152206
0.04502725096319067
-1.136318611517873
0.01867882793401703
1.1617565183764484
-0.09787892234365539
-1.2017304681670256
-0.08299267426215867
-1.2505258787184013
-0.5232583764629233
-1.299101953371121
1.9789972770852524
0.6765424331759424
-0.7526118866892358
-0.9513397933457415
-1.5008924840106175
-1.3813546448168166
-2.0495022309966835
0.07607057394013954
0.15559109436161284
-1.2004216084204158
-1.818760284694914
-1.7728280980675815
-1.9487298810996405
1.2213701464859534
-0.20360271446230133
-0.6990444010098125
0.35171499304516307
0.6534721701910882
-0.129180167176418
0.8872742523479715
0.4925162101246884
-0.017608478538023952
0.15849175019082556
1.0662060823907413
0.10896059481133545
0.44901205743237943
-0.5392682784682274
1.3180559460179087
1.4422535200587419
-0.2963556926396859
-0.8621875724946232
-0.15169141700608266
-1.7983418443991168
-0.18899742608776515
0.10362150099356357
-0.9662693256597413
-2.2426500534473197
-1.4261377504785149
1.3956726716079841
1.5849740552982623
0.14950626776304995
-0.3670256877061004
-0.28774852484400526
1.3444709957431031
0.07051136891199716
0.4875284040921461
-0.2292277521411775
0.9266183482006244
-0.01686681866920897
-1.682726359891288
0.32076135730798694
-1.1590695685173418
-0.1106882251224376
1.3879161899749273
0.11468781763071051
0.9998649604881951
2.1584865529525645
0.39849275449332655
-1.625951391895439
-1.321589936210515
1.3677590060773688
1.9895001180888723
0.03182902160186407
1.2916689714885785
-0.8143411641937467
-1.4386119693886976
0.6285236369739311
-0.49275399931875064
1.8825026583820856
0.5539569958789539
-0.2502177196474605
0.9343300240240213
0.22417176797954064
0.3277308861304971
0.2561161715778451
0.06630676011352639
0.4969348919324717
0.8259423887597875
0.06281378144262893
1.7416996107319889
0.278929176369464
0.4611907746519815
-0.14235912544706267
-0.12536159048542433
0.8165411873483849
-0.1783973712049083
1.4624932216956206
-1.5273129504122342
-0.49653632871190195
0.8285178814887052
1.508344485986071
-0.04243014089848254
1.1784063539234342
0.7131114800807566
-0.48848439026467055
-0.7496495333509118
1.2123115041968198
-0.4289895849710951
-0.17959693111511418
-0.6831065601036596
0.07358323933767735
-1.9057460543041533
0.2798390380148979
0.893245615544323
-0.051959782343174395
0.09625956776165608
0.17031164461731224
0.7279522263096923
0.0879500590971105
1.1935076709373293
-0.46612549910605844
-1.8549980295809159
-1.668977579783999
-1.8265220056068123
-1.9312957630736172
-1.5141648108064893
0.30891479247880177
0.695446981957005
-0.5144524851991275
-0.39277410768229437
-0.8605472232605186
2.087575195998171
2.4051644026422934
0.013358284325017471
0.2603365609863921
-1.5137072267205087
