-0.28797882528865487
0.567085055168574
-0.09003236796732045
1.1460059296179295
-0.5193144972552878
-1.0903044979478222
-0.5811817955609364
-1.525717397652365
0.03378541398332096
2.0371405619321132
0.1566541562610877
-2.159406638762501
-0.03764829354426978
-0.9045611002263548
-1.5229895029885805
-2.0143208992077595
0.8508062053477288
1.0634653354863144
0.6958922676138257
-0.5236645624576239
-1.982842297825353
-1.558213176011766
-1.4089833161755856
-1.3390613076297369
-0.11624086949283922
0.28406645254224466
0.6209460670558475
-0.1856378687419933
-0.0007654830331793848
-0.7385999019564558
-0.17217008208077778
-0.7378216807963787
-0.22729507932105728
0.6704164424561113
0.0024977357399719484
0.06434459184859156
0.45323583633425707
1.8068144701505136
0.04515628310686223
-0.148718927971517
-0.10280774681178705
-0.9613135191416969
0.521372597641349
-0.31187193552261366
1.277845106255223
1.5507607862849724
-1.4978296027985445
-0.8324262335054426
-0.5121077826160878
-1.205748711565633
0.9343136477829519
1.6130585709474847
-1.2382739412789057
0.6317747101653375
0.10028155986380603
-0.6442266499982087
0.2511246490849755
1.558501558917693
0.3884698031631114
-1.5217552684753168
0.3434484209597831
1.275078114268631
-0.42055285941429077
-1.1529939023188167
-0.057887206861101985
-0.5449557733283233
-0.08762478730483854
-1.4376293255192816
-0.2298465785543557
-0.000981285394978934
-1.0312351951719068
1.3010732143773973
-0.07989197291958584
-1.5594959018220829
1.730086747134766
1.7089663868768659
1.8033039535180804
1.2054706276617027
2.001287765508659
1.833069285589676
-1.1489783196761503
1.3293722112953603
0.98901943759043
1.4141879121039889
0.4788018968324768
-0.5161405357602459
-0.11317167523884855
0.9542679887657276
-0.13321977421648895
0.8166802515573753
-0.11422031924758275
1.3019532847075845
0.21058197110593155
-0.5577642414453466
-0.1663566226190927
1.4179159111447062
-0.3580500799932617
0.728799756562971
-0.654804654335334
-0.5023186403132188
0.23540130396375322
-1.379035990323252
-1.2400787238521966
1.3332689424850699
-1.3844700049458314
-0.8844659592870547
-0.2960653021186019
1.6965382566238683
0.6548025479317773
1.3043787342408448
0.9526481980127051
-0.31035022572063126
-0.10843590142983756
-0.9596784008229596
0.05261442888470054
-0.6819323151998635
0.24928667748342817
0.7357858745201369
0.2851002412228876
0.9368881806559903
-0.2616766246844427
-0.6779670365900288
-0.5741893778322054
1.58463605539722
-0.30737089174557375
0.35265503739957044
0.1682964946174567
1.454263814644576
-1.0446608138172173
1.8660780344262369
0.6292472881505797
-0.6903320985836733
-0.6621291445504227
0.051221256124989886
-2.2145912684770144
-1.8337660748848184
-0.39942356121714073
-0.29743709873464846
-0.9316409995959283
-1.0058596084436893
0.2957854859436807
2.277536570926869
0.009902241596981809
-0.9464565412495741
0.2311887971424076
1.2691593332293845
-0.06079068447262992
0.6761835502533422
-0.0911033863778853
0.8705229021015617
-0.14377974170035399
-1.5856523308903865
0.08536992500704495
-1.329947785413068
1.2131148423751696
1.3874980256750578
-1.1082108126867394
1.5630467187730723
0.06022391471235435
-1.5525592771347563
1.5748602154183062
1.4587041525628617
0.08595604796531282
1.578605131624243
1.106055150676866
0.9257972581468664
-0.3961987057649561
-0.05512601797965707
0.19933078562035778
-1.0225407477167108
-0.3488976043366393
-0.12541523670577978
-0.37648170394962377
-1.7494274319459229
0.07474615038661427
0.06276108654749495
-0.5609803099714094
0.9422715807235504
0.11787255192362173
-0.13482902623013934
-0.3128712313760098
-1.9015409099230425
1.0037704258717282
-0.3238861751802386
-0.1949537162055862
-1.501172583871387
0.11965749819913366
0.8725123829710596
-0.5019866197327495
-1.0310157703321232
0.1298736900923762
-1.9570850513013192
1.2805179843343446
-0.5767314127676105
-0.715321963363241
0.13535491460029456
