-0.8902086401631314
-0.36801535046473244
-0.8216738331392527
0.23818793716808664
0.9005863150528953
0.1080982982946427
0.9559175086886557
0.17533758016446438
0.9597445918362786
0.24015006140131273
-0.19119787409701192
-0.3392180878399558
1.3909495239700131
0.4101374438854252
0.3166917930774683
-0.4867806039517817
-0.22272466875213648
0.9371744596872313
0.039148846381237355
-1.1505901798423654
-0.2181573633029521
-0.7561693017462144
1.2004095529454
1.03631898256858
0.26966167727436796
0.3111573863155453
-1.626382864730015
0.9498914386982149
1.5279174951807961
-0.32978166706823836
-1.1360141730878024
-0.09126315292842495
0.44938992717447146
0.16385006588763068
1.2135797622488886
0.03839246142043972
1.0769269633997485
-0.32653770108331304
-0.5445568977684109
-0.02463951601402466
-0.2784423781739586
-0.5287048076006788
0.5235512718016456
1.033721614523143
-0.8050858127423504
-1.0354691994508856
-0.9384333836523655
1.2664943216031195
-0.9619443909674946
-0.584176182235447
-1.4954225085521964
-1.1384257574956502
0.14380354725175915
1.6475560128973774
1.4510821633457422
0.44391978813762506
-0.4582701583953631
-0.18859502447229365
0.1889432083585746
-0.40520173363006506
-0.9097822092167244
-0.29267071034638226
-2.1834102028126057
0.20799743349811786
-2.484051687525378
-0.09667670543693253
-0.7977148165472601
0.306789528110248
-0.31349854597413185
-0.33669672067382983
0.7888432794529896
0.8923017060661276
1.0417110723122485
0.261565697619468
-0.6313472911944452
-0.31511222026290675
0.09222162600277176
1.5243468552156942
-1.1955089686659857
-0.27155767832335453
0.9497118269760422
-1.1995061945710463
-0.5995548715283422
1.1707283204338772
1.357424299960029
-0.6314966182448992
2.1428399106198843
-0.18912513793373786
0.6604727083270574
-0.5057435515841374
-1.02901678596918
-0.01799866775188916
-1.3485267389888769
-0.3476641827653912
1.6133891556317086
0.022319494397020016
1.2383628596189709
0.17841925453799154
-1.2317771410237146
1.3593467632547622
0.6271137194885068
-1.3929553740829166
-0.4179646680952848
-1.8444241302253483
-1.4577307824707884
0.11847925077512993
0.46683742295598846
1.108536937413721
-1.7424464597754734
0.28932072909864004
0.874644683693273
0.30593898330480834
-1.4317014173340894
-0.2735485789340316
-0.47815906102909317
0.34476567853086504
1.7943375436381943
-0.1763477145388236
-1.327455345633691
-0.144786278099413
-1.9960408365026117
-0.16467353988640512
0.9797166404720989
-0.07219272542995454
1.178706741943556
0.3519987581149072
1.2715807877296463
1.2831328081383149
-0.35102826063902715
-0.4612027917930057
-0.013476231001598032
0.7638823687598871
0.8999896721553968
-1.672333548808069
-1.9363304699517667
0.8995020284080917
-0.3410099715067101
-0.6833426106730036
-0.7900127914848358
1.559068768974456
0.3878066535057377
0.23629032306173858
-0.262628686775147
-0.14502370056817962
-0.27080590460623866
0.10537972887818838
-1.9759759144939038
-0.18973847980876474
-2.140034537933433
0.26143611857039595
0.9190813131663617
0.0127963836057121
-0.664956625297423
-0.3504827267855611
-1.7912784711697112
-0.7493674923554476
1.1786488080502988
-0.7097673604468301
1.3328740217961248
-0.9089325258331915
-1.693463802358558
0.41557459305058964
0.5853771037452639
1.4040079820344074
1.575536464042935
0.8446895930237054
1.859024122037349
-0.9298050045112275
-2.1399962769733714
-0.12867010810855076
1.0735124946561854
-0.07047362758151206
-0.5156575115129434
0.32829278121005445
-1.7553328616337862
-0.08346968916426142
-0.8332298845335078
0.4563404151199494
1.8961453853008354
0.39216964834478446
-0.7749179583429027
-0.24962747536961996
0.08528162025831057
1.0888332458712038
-0.33251084305025086
-2.0925091581588373
-1.5031729822306619
1.6228173110010764
0.9759042986259637
1.0938751409266325
-0.7751146680378485
1.8222253482457857
2.051531083847841
2.0073948482636452
0.4108322998390114
-0.48208772012417156
