-0.8016353391801133
-1.0531082819650261
-0.9581088601664479
0.4902156118647981
-0.7210704097764683
-1.4984191087553025
-0.7042206437646777
1.6014102609043703
1.7230152897557187
0.8803751918792717
0.6730805790298904
-0.193162799672356
1.0321047410426196
1.6207963327697583
0.14471298140411645
-1.6942308812380484
-0.4024464458713121
-1.09995268802822
0.2012546284541887
-1.3146275784349937
-0.29195993858225
-1.3899124804180947
0.23985402455264387
2.508357653227283
0.31604580213954014
-0.920009920485623
0.2729447052603386
-0.26221094464323796
1.0375493683899153
1.0321938597124334
1.8972219117775377
-0.23562848540676026
1.1114291166241625
0.07641473828029414
0.18551814271812953
-1.746259387733706
-1.5824301541197197
1.7828881228503786
0.8727256907749527
-0.3429392856283301
2.0254939717556333
1.9650283517146963
-0.19274055673581095
1.9707761339275673
0.17332923652745022
-1.662150343353303
-0.11797068978807572
0.5869900472901352
0.24399500259857665
-2.0887106382174836
-0.02525055452513303
0.6645186526934048
0.6082213839096028
-1.0266041129451509
-0.03919845490266596
0.5938964271200078
2.047612907817411
1.4214351693612561
2.0265171752072813
0.44595597240430696
-0.039346431864994834
1.2266348229873956
-0.8833367150207995
-0.6790317221527159
-0.11632383610385141
1.3676847068900797
-0.9136210867017278
0.7806104727736812
0.24314827634051714
1.1180431964241062
-0.037135795077908276
-0.19746104339824513
-0.19833845184154061
-0.682395565461349
-0.2693809738332914
-1.1304257181398256
-0.25147310809890805
-0.834946440959347
0.06299523758577934
0.8954453330154406
0.3339815928409729
-1.3401611552918462
-0.12098139069369886
1.96669763208123
-0.8975671765459873
-0.9000197394362591
1.0298285875482218
-0.43903347008169663
0.7558922371135129
-1.6782591617206772
-1.5874105503211133
1.6905127619029672
-0.12342623587772936
0.7909305689629131
2.1571732497480873
0.7021593749713761
0.17022818398655842
0.6107661662429612
-0.15733051707997814
1.2830518763820713
0.350585251665422
-0.10262041646137668
-0.05805273902328331
-1.6123563508503043
0.13988086236351266
-1.558139977604709
-0.14391924156603936
0.4640867432545005
-0.16106572291717577
0.38077464348567536
-0.1812416162729077
0.937466707537475
0.6960962696848678
-0.7129280376617413
0.5773943559953795
0.5391647876401258
1.86982398646695
1.2333158439131697
-0.8102572720726635
-1.2236732430970685
0.26151366172002005
-1.430912912220863
-1.9640589631799563
0.8312808016978515
0.4154968762075114
-0.06485258843530603
-0.4648913442985086
-2.0269159501966745
0.05992619914457841
-1.727450973427238
0.257239773336149
-0.29897986419994965
0.11690688979279686
0.05820104394037104
0.41351455290157174
0.009049219285653543
-0.23245539784522978
0.13840603304680774
-0.358073378519268
0.3832566274786651
-0.24220012024665818
-0.5207554790240382
0.29163723256052787
-0.9809696236877085
-0.6636481192222863
-0.06085644613478403
0.8021319366215985
0.8848037053914173
-1.212783648698629
-0.3589744042255461
0.6324008528659453
-1.5177258029876182
0.8206155961439606
-1.1575235164291662
-0.11677613428444199
0.43568245468086847
0.16446906919312645
0.16922870121088077
-0.06986481825351859
-1.2063930553317193
0.3892466494153456
0.37115252423035094
-0.004057571245107347
1.7828780501347143
0.24976030518666928
0.30484432992836924
-0.014685589607727464
-1.9113991605305787
1.0395208005924315
0.47511072349576966
-0.890872776436334
-1.5711251151046417
1.0148509731185813
-0.24318794328883364
0.1627846655000447
-0.3622572053468069
-0.8477213428014359
0.484603033952809
-0.15142129828400416
0.5633118854928075
-1.5918920418336
-1.3053160180768808
-0.3956696085668093
1.1376952255110815
-0.2853635386183346
-2.0579038286444917
-0.055258028665629955
2.0106591410546564
0.4407969798034813
-2.0399026609637434
0.04530606949769626
-1.6617377554495543
0.12705737363660077
-0.882103479576001
-0.2313544100441507
-1.0066810718134667
