0.15674668688932272
0.07782821220676608
-0.01640335730839971
-0.9840124145664172
0.19532332934657418
2.0273949659643904
-0.014966046741077174
-0.4247443760940418
-0.2491454831502539
-1.3056677508715095
0.0016695890792818423
1.140155432773895
-0.309563026714588
0.2849061017739504
1.8088715294808473
-1.408712450450848
-1.5911489221693969
-1.487732115077428
-1.551590519646525
0.23455212666533257
1.371423740488744
-1.0623036436845645
-0.0920591657601715
-1.6738383018212273
1.4206160048634777
1.701559867272828
0.8352005038460738
-1.0703207757760251
-0.1269454608171419
-0.3822872161169009
0.4592047962048412
-2.256631599215408
0.33169501308052696
0.9047812763596035
0.16174755343083697
-1.5442819991878611
-0.3021921826864958
0.20034742345632175
0.36293465866445296
-0.7798214732087383
0.3921569435903166
1.5922835768414072
-0.6052090437928841
-0.3199929996461098
-1.538090551517601
-0.9408396720007649
1.3518737192767218
0.43492250867150756
-0.9404095079104201
-0.6085396615254282
1.4442794148736502
-0.6363802519241398
-1.22493285251684
0.5898711040476148
0.4052665253203345
1.47065381098493
-0.005965180275529569
1.3156157811545917
-0.1285147732895745
-2.3890615485954014
-0.41208586152700005
1.4260145756904667
0.013204488013817744
0.7079225357252491
0.13735189571189663
-0.7810115795456649
-0.051082943979535556
0.8835456815030971
-0.10449954239642142
0.5338922457807835
-0.38737246422107663
0.9628514741466452
0.5283722797521433
-1.6948026326505314
-0.1982668653158143
0.5361818939530152
1.7026252424478094
0.45719745988202565
-1.8638749168367557
-0.9577822143974141
-0.5646992885908333
-1.8903078459968552
-1.2299282614949825
1.5305552052683722
-0.2930027574863936
-1.5956128375731071
-0.6182101567580072
-0.823090335449644
0.08729809506913916
-1.2280684028349964
0.4513110545574008
0.06247527334030484
0.4261274383996307
0.7807182241943796
0.020189449137426953
0.7594301587301606
-0.35630423633442626
0.9085243069241191
0.05158815597004633
0.7853359997412566
1.6935763741970624
0.017925861632439283
0.8498678181989436
0.2640221498864802
-0.8290797291462286
-1.2778759214453006
0.2602090207685827
-0.3995525441335835
0.07309290317846373
-1.925738160669233
1.010578847912758
0.04150760341152468
-0.5579281215740703
2.0692427956789867
-0.12978472442441172
-0.7579941306842526
-0.655100272439994
-0.2549817746435279
0.05374634086148031
0.6527099025592012
-0.20613852858828446
0.8517394172721009
0.03578874386966854
-1.4955901682979296
-0.2686336030073735
1.395819821369974
1.8487532223366026
0.8776086064660289
-1.3003145328310295
0.10760844348436056
0.6220991668427448
1.3285874260739845
1.150056045208141
-0.0008967326737583498
-1.5447906663726483
-1.877347297732843
-1.192111186642285
1.7849282078350666
-1.2077544443839212
-0.17829881188459568
-0.533319428313497
-0.4129729300041934
0.22282199641164982
0.22346386662411175
-0.4414871746511467
-0.48225977115628543
-0.15308021311468314
-0.5365448195468464
0.02343475783333888
0.26772644061879414
-0.2116529662427157
1.6006633704868816
0.19811820519103296
1.8234326296328374
0.4605776076794337
-1.0488922899020068
1.054622353106317
0.3859279225222689
-1.6498137458490636
0.5881692840547464
1.252443619027625
-1.7670844195792645
-1.4936131546758238
1.3636770202413504
1.719837647735946
0.41764003841632336
0.7100102590981874
-0.6544482421784986
-0.6702647655142132
-1.949507057875152
0.0015458100747920212
-1.359683765375102
-0.15243327034929358
0.4017028067972334
0.16628062930745294
1.4200412407194045
0.10073097711796859
-0.03543185701372357
-0.09678064050882405
0.8498756067922179
0.5369401547838799
-1.548491956529745
1.387723744680695
1.122223031782722
-0.49093817872699
0.11192278020918266
-0.740370562031088
-1.2330313575352772
0.7832513232053542
0.7776328234801199
-0.02030788455290741
-0.9617275870302778
-0.2711137822894047
2.1126669451295035
1.286631840523167
1.2096698566930544
