-0.5073751496564943
1.7380001898444302
1.0804016615125804
0.42309464757888837
1.223676821148505
1.3141563623760106
0.7833316195533585
-0.6412337662745199
1.7646197611627432
0.8141246567126026
1.0746039522093427
-0.9846258690167242
-1.280894225125213
-1.1533777378281893
0.6821503855619393
-0.084970592872984
0.701718925304485
0.39329547952508503
-0.1958397629236184
0.47875691339019105
1.0199476088983084
-0.1925086445945719
2.283713625126124
0.592515294294106
-0.8326961896764963
0.42206987122448725
-1.9040945279632118
0.07525629550038351
-0.743514281409195
-1.193191743337192
0.13321816873830397
1.5874069081971687
0.1867682070193896
-0.633194372110183
-0.48178258248541606
0.6037745054994842
1.9136527187251648
2.879382713090605
1.1798469202738955
-0.58878398693161
-0.5646027581465457
-1.5882547396698217
-1.2601815055056262
-0.5441358065095164
-1.7486231131401866
0.0804244873140827
1.6786310500250083
0.42494178073322714
-0.7010616930402731
0.05265443741293081
-0.7272969868049994
0.5781879676963712
2.118964378856514
0.12935837163081768
1.7070491501751692
0.5552976561276338
0.6773555918352075
0.09916011288425948
-0.28137314171563654
-0.9334955937617698
0.7856581314390825
-0.7310882836700024
-0.23773363882066903
-0.7387006003422427
0.2069135067210133
0.8258503429909618
-0.3327994354571065
-0.9879917674127292
0.12993677647239765
-0.42574016418119204
-1.202189022463884
-0.2530226297377029
-0.578737328666486
-0.4650610090527694
1.703094247805518
0.10407219864148604
-0.5286985657755279
-0.2439727225595347
-0.4466560536878877
-0.14374438492106348
0.4272703242871681
0.2020824251150636
2.239992323264148
0.3329337468806219
-0.19334734515651278
-0.9723283028970703
1.2241611656001727
-0.017063256035578383
-0.11876749449215597
-0.9151467457623107
0.8512564977433136
-1.73843748641852
-1.4688229758511857
1.3169024283432154
0.6691365635905456
0.812453783035059
1.2935437960903569
-0.1794580322158389
-0.6232304928590654
-0.12173243439523808
0.3701661094197375
0.023811508419249026
0.2766071510921978
-0.31464384610087154
-1.2980107817451272
0.1232717540749646
-1.2189997757345137
0.38081346275012895
1.2774275401240665
0.16450198936927898
1.4921430909274518
0.1397112648579766
0.4552833956051975
2.008473673546785
1.6283140447247257
-0.29496251829584463
-0.07742283382079086
-2.230024631034277
-1.7580871785525705
-1.1463594686394671
-0.6280596979563949
0.2333816446460504
-1.4281588606277102
-0.5999088732138024
-1.7380830080122058
-1.1746482848303632
-0.3667255700152069
0.1420212023743942
0.4857181859282087
0.2875565022195214
-0.6190213933420459
0.18165578481162578
1.5785633916389799
-0.021364753307221054
1.0880403073893081
-0.34333464297884114
-0.489606238455919
-0.4890289708377543
-1.2909444802910515
0.027111907415639864
-0.32897154841226456
0.7937502155383838
0.33223806875032463
-0.7658970799569167
0.06905013866210748
1.3865298833760349
1.3356265213308
-0.9038890283013349
1.7575507619487376
1.1206122572211683
0.16892688335344364
-0.898281963951497
-1.3306731521607988
-0.05446946030602888
-1.535967908944853
-0.29458003591886417
1.222883248844822
-0.015702260037502306
-0.9686555053741255
-0.46118619405362044
-0.3710419195759928
-0.11211137505139254
0.05048414809168663
0.3873482660767082
0.7043357150278987
-0.029396527355506536
-1.9536742461559546
-0.3191701521254877
1.7959251417549873
0.15870517149757546
-1.501823716223802
-1.7801815531791152
-1.8271115567331018
0.7241241173371505
-1.5739446443973537
0.13161512476419118
-0.026352116633311957
-1.8070784980351164
-1.6249744778042123
-1.191989093412448
-1.8348571576859403
0.5770315755892809
1.998536749313245
0.17966656097295583
0.6394322792642517
-0.4196548440196537
-1.441755728567332
0.02921677335520652
0.7177630111329101
0.4965854966987752
-0.7916908495126298
0.049843011001553576
-0.0765708175948014
0.26113071191832754
1.1907252089786542
-0.02035024571040946
