-1.008689778782799
-1.0663844842651284
1.6722284833112433
0.518413589601361
1.0218822353299561
-0.32615571663523274
2.0407876840342394
0.8662190116346508
0.8302180475325526
-1.1409644897861773
-0.0601377120651381
-0.20008764100406123
-0.2946440892807696
1.0581520065005643
0.029884913639017997
-1.3732033185177932
0.13469190118161473
-1.1696027677584968
0.11194453726415489
-0.016683113285064846
0.08315464670004183
0.6825906630385382
0.043655082285477646
-1.7492369504465661
-0.20482324683159325
1.1571644814109971
-0.0881859065429261
2.1849987617694855
-0.1802349105241539
-1.5982403130052418
-1.852401846037061
0.6376163288340732
-0.9437758104748736
-0.522891228051781
-1.0149242384904529
0.46286843960745283
1.8455946595639305
1.6852040035361784
-0.09769759946597985
-0.08424804220296382
0.4034253172174026
1.5408918300421333
-0.013598837465488532
-0.06491930905195467
0.0031122336677199707
-0.059750465730052965
0.17278811409422168
0.3294184915216221
-0.01603576430965924
0.03993858262906532
0.027493008428215723
2.0597005594892135
-0.0001104694271413745
0.05395387541454126
0.01750145199303245
-1.5555366364455534
-0.8005979459808007
1.8777456104115833
-0.6389251567629525
0.26535254591089696
1.0378942080534903
0.2661359342526569
0.2184099846726498
0.5603711465525633
0.8280945922234039
-0.9550740020969166
-0.9296647020564929
1.5048455738820725
1.031701008410699
-1.654452412614491
0.009709695349606003
-0.12301530087616593
0.013681077315967762
0.18526999269780384
0.11531124037974722
-1.255797103553094
-0.14716794520781906
1.7612198894884257
-0.13854698938232904
1.9921409948349071
0.17383629734215492
-0.6005841052232311
0.06571840080139055
-1.8873424935796852
0.8717607421267703
1.4583686586266567
0.9350879970090585
-1.1927893086401555
-0.6398732731215149
-0.880332914191581
0.5392659104706996
1.1286859513724576
1.4983400531245998
1.8507092459314525
-0.8221390925986537
-1.6798470274822854
0.21163819044512147
0.25393223751632416
0.09132975919026122
-0.46064370566887325
0.007578234805971748
-0.8415671602977952
-0.08876334589387812
1.1975092210002696
-0.012337124149480355
-1.6003568938364623
-0.116096769737412
-0.5197879471699524
-0.014101640819403804
0.9530329579937153
0.09218321740560595
1.564375157894879
1.4608256347584325
-1.1266403148713693
-0.14852078508730593
0.6482852121435768
-0.28826994618675306
0.672587157885615
-0.7945090357246245
-1.3024454113812656
-2.455286466887626
-0.9588141283440715
0.8119935586261108
-0.5754205827957839
-2.0236923033249448
-1.2060627486040478
-0.05340314375422239
-1.7718489086009712
-0.08294192225192806
0.03570200769413667
-0.10998771065591531
-1.794119612024794
-0.13824810346584884
-1.895195162784342
-0.12825525795407167
1.3588635422144966
0.02234017957200978
0.20184682853779345
-0.0444559759322284
-2.0239267495466766
-1.665066069680004
1.3434388967786912
1.4692099891195636
0.6817373443051881
-2.1059289079881545
-1.8772015242999334
-0.9691082473372643
0.588954656702781
2.3048307373383707
1.4956144733280583
-0.7275037122518309
0.9591500026519822
-1.0340286323115198
0.2200983420239245
0.1090130636301368
1.1897272382345143
-0.03226013623066548
-1.3434878899248353
0.034584354637532
0.04172250705809747
-0.02676563429805484
0.22011439233628058
-0.125395352321188
0.26836935979702425
-0.030172685326045518
-1.4204585849972282
0.021602544208548423
0.4272795261389034
1.8005386563799093
-0.9793914322677832
0.6294553477772891
-0.028926058891420463
1.7346010367249183
-0.43602686867028234
-1.3398922178375212
1.2581272149269518
0.4779035480815229
-0.5143956006439535
0.19637469529402826
0.02049319367050464
0.6891429892545949
-0.5142647742648604
0.06465338448979494
-1.791552875562654
0.1988797443321765
-0.34935268877529685
0.16198569157493078
1.1019078926057813
0.029347821863392923
1.0849121602361
0.15633086419293532
0.7583378102109274
-0.0640502323739772
-0.6033992534646928
0.18937815462078159
-1.8133477280014068
