1.178491689820303
-0.6195630106529412
-1.5440078937870085
0.004440774563291631
2.4386294404524644
0.29145572908131323
-0.7868755564401462
-0.14204904633512797
0.42361424759374633
0.41580822252576777
0.014858258567141186
-0.21086621150794574
0.7256923236489191
0.3263416550006578
0.2266074897314416
-2.533567879402879
-2.13615103791711
1.5401701659289049
1.6494715583896244
-0.7308371652318454
-0.8570677607014169
-2.3160220314765896
-1.219954167468267
-1.0671794932040215
1.3177069372895291
-1.1021121212560185
1.0930116201509201
1.1335795274934515
1.1514912553332608
-0.5879093366059971
-1.5239875759172514
0.10887657812396956
2.093233182939321
-0.30760567340013356
-1.3461714115701786
-0.05448205369622421
-0.5957007867867496
0.1507545560485638
0.4596758966316514
-0.31816907003893913
1.8621260090000777
0.31854379796945925
1.3127209023603459
1.7676657240809965
-0.3531938279608845
-0.7930561934136571
0.5418207240966648
1.1285370051382924
-0.8292501452905617
0.14224871484113166
1.5122733206244179
2.0467821340555896
1.4159981435115707
-1.7548129649109083
-0.37153095164765887
-0.7976369632143435
0.21906830322438997
0.02193539178347239
0.3864475547510066
-0.16695342936070035
0.17898595953809968
0.18452453668798743
1.8669703181942112
-0.23599896469362472
-0.10282375895361719
-0.11754283293149563
0.3961294558213081
-0.2926259213765096
-0.850251715520283
-0.1356487546764713
0.8538020766538074
1.862497152117949
0.813689800383476
1.2463780791108379
-0.6538019434431345
-1.1478552169613012
1.6453088310461863
-1.0074507841677758
-0.61250076641846
1.3136458692599828
1.418107942124325
-0.3183583129084358
0.1594206948373457
-1.919995239170264
-0.8516167751668384
-0.3562938742921412
1.539364946499555
-0.3790732658456072
0.551239172206415
-0.21656512584577514
-0.25222469123276225
-0.7083549196223966
-0.12200477173219022
-0.44509696771314694
0.16141690493062838
0.1382506760857846
0.14119006730824984
-0.4932640230305349
1.0146794870163893
1.012666335955321
0.8119231111981092
-0.46374957330170763
0.6543143231889463
0.6005492266632584
1.4268848166669308
1.0491310177846471
-2.1852462525905345
0.8731301843761085
-0.20633789841543104
0.9925124417636061
-1.2856560597946414
-0.9841984905687033
1.3732068064715661
-0.025268312731225654
0.1605494702059193
-0.3181519074358065
1.1946020318571762
-0.2511142629097464
-0.3016885827766142
-0.1888223486489934
-0.8823042493866962
-0.618057549617589
-1.3816488267212181
-0.35188298093802695
-1.0272925531196222
-0.11585007816487884
-0.91223844166037
0.9866582295757745
0.9383128299022108
-0.9505002816101493
0.8310843185674224
0.006963412952750237
0.4226806568532242
0.358132221791176
0.7565822269756391
-1.810785883165102
-1.5500831786559919
-2.258696664055394
-1.6261932518062225
1.0599842401913604
-1.0070268900444437
-0.026931629637752807
0.6058782052162474
0.23374530242861108
0.06762789062853265
-0.2337718427447604
-0.2865593144586293
0.1915359276129624
-1.5223355412360082
-0.8261424195411777
-1.3697428726990266
-0.6158281320883059
-1.5446413012462068
0.06572736799652502
-0.27664890311158075
-1.0280866015875683
1.6737188030739054
1.972420178283647
-0.263579169657307
-0.021390114285255567
0.4357553748617881
-1.2243048586944332
0.37409452236372565
-0.21194978095822167
-0.031867863663068076
0.755466365868529
-0.1611976773505976
-0.4558599072642619
-0.22185298018347452
0.14271854285115515
1.3083025634618353
-0.16515112328190473
0.3082429792866939
-0.4868800092534801
0.5702326351526478
-0.25212389754388875
0.1817275818311329
-0.3565663845138853
0.7627066130884849
-0.1830730758191468
-1.3611233928238635
0.24704809537048564
-0.892551916806825
-0.6448204853987058
0.7249393919535655
-0.12334803898366006
-1.9795875328961277
-1.9218844843742537
1.068021197695573
0.8569158148071654
-1.9489320755193926
1.594832434741297
1.006166134073047
0.17754557638607527
0.9037108092121867
0.9829612148789356
