2.129685594186714
0.47130665838907093
-1.0700007428426321
1.7256489966133297
0.7304644580223346
-1.1972313258770966
-1.0631622772237084
-0.07189181711022953
-1.555695697641508
-1.0336108177955134
1.7459244958199573
0.3636807621531274
-0.8652265535918136
-1.1256768470320417
0.32316735742760716
0.056747049560408096
0.10201570954877304
-0.8250653785706094
-0.3682822222620299
1.5411895684256656
0.473785612263064
-0.14064469947383387
-0.05406731437283777
-0.24430487362419326
0.1135013280883646
0.6583722567877355
-0.18934933831735273
1.1591024189902759
2.2538068213768767
1.6236728333995554
1.5063880795797202
-0.14983955687802908
0.6061819212234724
0.29099850705742003
1.7131482110054672
1.6454034040215506
0.8497246445230093
-1.4329547820852044
-2.121489905653334
-0.3097523878870616
-0.7180066476255773
-0.17745989728789838
0.2138928417909714
-0.3090698270543565
0.4284706428779111
-0.00010852588209460707
0.0379968037998994
-0.4503522823031343
0.30202357222105464
0.2278455902406013
0.18493505132078134
-1.2766213201238088
-0.3651713842402222
-0.6696887183101411
-0.06594965773228455
1.0967947554002049
0.7331441397597486
-0.4023526419154962
1.1289079562379052
1.379820461915744
0.34470801490185204
-0.47126264923372047
-0.49133980971152247
1.967673897899282
1.0072292047602702
0.6993770066663265
-2.017238505505653
-1.0842984747424769
-0.9377512639507458
1.2212537940332047
-0.29623104653521415
0.29888715366035357
0.3243925330104759
1.179487843058136
0.34203976283095183
-0.42806042608203854
0.4058782916926186
-0.238568817265905
0.46496382777041906
1.2053427415821003
-0.302608419200845
-2.0874592370054046
-0.4363293379088136
-1.094096846267638
-1.1923649085463461
-0.7289459712011342
-0.7077112846126197
2.092163287828984
0.1933911694944475
-1.5077683595497184
-1.6083964460236306
1.00021154757575
1.8429468571215915
-0.36364654394048634
-0.18667563431017753
-1.508625782826552
-1.6451351659812974
-0.3243456870153449
0.0653981863679856
-0.6786248481050037
0.7306609810323154
0.46548987367343453
-0.040328931044024824
0.273296842350977
-0.029525021256428006
-0.6243628886423037
0.09554186829691202
-1.7819866783982106
0.3498818508721934
-1.1225177638376547
0.17205021024941552
1.1092595173539417
0.00031713917026118387
2.297514686229733
0.6113868539422396
-0.3868737852078793
0.9786039434708603
-0.5883650364527212
0.10020680291329345
0.5269056725641316
1.6522729283023474
0.09944072970729044
1.0527468361531027
-1.330582386647797
-1.1505136630857016
-0.8746981932835285
0.45342069335251
0.24937756657041332
0.5652853161665097
0.26691358499910284
0.6857084256501794
1.9762102009431877
0.3640172044657707
-0.9728722264186997
0.15382165842413315
1.4274385984396334
-0.34369059760796705
-0.8997154698157295
0.5506938312179223
-0.38886254329999537
1.9975958011596675
-0.09802691492852729
-0.27666315795898877
1.3660433283783482
-0.8792001123398504
0.2558143075127075
-0.19089906112288732
0.13351081781590185
-0.5289554079288863
-1.2186474726222185
-2.0277888261395915
-1.1773354503316258
-1.106207942747635
-0.8795937419251948
0.11227678101233717
1.2989503381311154
0.049560062711758696
0.9611059935055789
-0.12743690121876633
-1.6660343418477377
0.5353235513116605
-1.4793556321585708
-0.049487984057646706
-1.061896942313069
0.3567185685142007
-1.7955876781099374
0.14408898747340715
-1.055961340504022
-1.2844759377355937
-1.6475129183588495
-1.6148448005768612
0.5321929698712665
0.6608663875925381
-0.7181109622436739
-1.0673487863186026
0.7977996969814052
1.8593537740297101
-0.6208818824401321
-0.4387570121892915
-0.27126701407741477
-2.209140155167088
-1.3872279108446601
0.44599541832969236
-0.7029855467414248
0.1647313190403317
0.1577762631388529
0.09511790832351696
1.2423410491202027
0.4028439397482517
0.8884417084024334
0.6531790712659621
2.2983746153299105
0.5050645509132121
0.331678851971521
-0.1247214460680503
-1.0965421301286078
