0.15625726693312866
1.0261366624788573
-0.4342143159719705
-1.6077207402896818
0.2875178525276328
0.5265649852725609
0.3592795336252689
-0.7388623599469095
0.658136928724814
1.746209223255245
0.6704932341741868
-1.158685456773282
-0.034543432606593254
-0.932602067921608
-0.5453645086256402
1.5388669429548736
0.26866056427519514
-0.8549204312324089
2.2334753700667784
2.102817341573073
1.7349304975317756
-0.3427340495306727
0.8515883009908704
-0.7874250252895716
0.43643224479499293
1.1293133067208323
-1.7028165544043277
-1.1622198883779342
0.12013787659198712
-1.4219954747460284
-0.641180663370674
-1.9381333626942199
-0.08000979713844783
-0.9997883355308014
0.8267437704264697
-1.1320480674075581
0.1676815892054566
-0.08449479197173881
0.5288179570911449
1.8509231212272215
0.19014505600932374
-0.5455040199474036
0.49242811002620357
-0.04723118459265968
-2.0650318047395038
-1.1569988083436993
-2.0104135399650715
-0.4976131718989797
-0.3210528777987701
1.3778120137356789
0.16893543934939795
-0.21241853225278184
-1.5558200920941918
-0.45531088949848547
0.4789710183324036
-0.2820436532354965
-0.4406490039624845
1.133817751185084
-0.3754944498567149
-0.12075316345183594
-0.12025483418451796
0.31800821605629165
0.636727168097568
0.8713930016862207
0.030233698231890132
0.4228631644762138
-0.15250482100499094
-1.4539340013150421
-0.5118453616894981
0.5057828449922209
0.7207846928148539
-1.7148675033354068
-0.9398079014837485
0.7311236701496667
0.7454165962498689
-0.1457933947578983
-0.010321969190359036
0.4685692547375118
-1.5754633307519925
0.2711492916637877
0.8950731037668814
0.04682785946165687
1.4081094144009871
1.1193840674515274
-0.001259631553983621
-0.6243029013484038
0.47771699397839323
1.0274877468032224
0.09284554848435876
-0.9602317049495092
0.6242958190852023
1.8475869361450779
0.034948608315057104
-0.5570675624689466
-0.24179908738052247
0.819378780159333
0.22813895437197437
-1.669287144747479
-1.3409828717069998
0.8320366655144595
0.21109652257618594
-0.7128698339394216
0.31436659281801393
-1.754342247787387
-0.7543066013398149
0.6802955310036387
-0.1881134162573735
-1.7167039580377255
-1.910270291245107
0.6937165252738275
0.039559036706566714
-0.30929388527463475
-0.22154171040748735
-0.027455939906478193
0.6131633191378759
1.7695613872244353
-0.1505491343689281
0.5397285685816339
-0.048573456884254344
-1.1536737777109274
0.4584926319898894
0.2045507305204077
-0.16454223662305353
-0.42635794268834026
0.44340169797907814
-0.4427809962942336
-0.5634153376686221
0.5355809719596271
1.0947227273483409
2.2030446713713445
-0.07542942559178915
1.1538488180039348
1.6634114813322438
-1.7516832258665649
0.9863599713842212
0.2541558372443249
-0.7378358656309921
-1.3353594933280435
-1.6036195424933433
-0.09936892812218286
0.03247072143849752
0.7449594845074425
0.8810427497948281
-1.0245062338738788
0.19933293652307313
1.7523886874912458
-0.30257473132696017
-1.6099253643096558
0.2264098971422904
-1.9113968215237163
-0.31638904411628216
-1.666418315275819
0.197478305662338
-0.518393863735554
-1.9260600503376786
-1.3037026541702856
-1.2186187103515789
-0.218478286733824
0.4121243143297928
1.1576123046479638
-1.130610285760892
-0.7910115302298303
-1.0897915923515051
-0.9945205658499108
1.1461363668294304
0.11059569204584356
0.8997463317071026
-0.6170592788920914
-0.1675588088144641
-0.4832169557362297
0.2191775100176109
1.4368710445155215
0.45509326432593605
1.4928442327259148
-0.21553944840377223
0.4800484696603155
0.14436750470908885
0.4005699438786136
0.49761485491127205
0.7117123780568646
-0.3089258129401009
0.08703273889364707
-2.0625831521293234
-1.714604534066489
-0.14854574004212975
0.6888711205073035
1.5125201327073345
1.6948645334753771
0.16399600332184655
-0.7286369323135243
1.290047733443643
0.7883044068868111
2.4000446153867854
1.8993713238425807
-0.672526486426056
1.7738183024990863
