-0.11803311509125856
0.5756809024267204
-0.0409499533749778
1.1584752957848399
-0.008506428889927564
-0.9546260802484134
0.2215393711476889
-1.6900368503883574
0.23261011714138766
-1.1886078092566255
0.3891291012990442
1.3737619284308313
0.05465825266330608
-1.4397119345958072
-1.3430042541392
1.514351914663885
-1.7561806409792595
-1.7938003833949259
-1.5210889977511142
-1.1841706900325928
1.461611148157105
-0.6621237697753958
1.0276562270644067
0.9124556662763356
1.195341386735236
-0.947243269909544
-0.38729840165585444
-0.09417745281684803
-0.05483344050551142
2.148119495035327
-0.15422861317532288
0.4574633627617238
0.015794692610942414
1.5533269588926066
0.42720703631705353
-1.5256711022028955
0.032661479193097455
-0.14385350278313874
-0.101324122518597
-1.4678341682830367
-0.020334729286106756
0.3337203008140389
-0.8583328037289213
0.7281435407532263
-0.6923480061949923
0.4738263576345644
-1.0171726839389996
1.8786687987140687
-1.1120703958874485
0.46603759141398365
1.5947874845488037
0.22887769006394842
1.1762257167401216
-1.7269946870022728
1.4366996457154473
1.054096292687708
-0.4157831975019782
1.2210939111761925
0.2847970024931722
2.234816561308074
-0.33526419472835645
0.1827724775619193
0.12441206228260533
-1.1990525711006723
0.19217743021469536
0.27104516963349257
-0.3312014983700684
-0.8303844643765774
0.07280050323718848
0.11961326979173663
-1.177667857386909
-0.6045348246137563
-0.24346606095304732
1.7968026374375614
-0.43693219947428896
-0.6421788091589338
-1.9755251204886584
-1.7796126826352616
-0.5107945759543333
-1.0184136213233512
1.6129274411600252
0.9560977563816891
0.8827581995528382
-1.8528095460164837
-0.018770856563615726
-0.06517803001911589
0.7986151917619977
-0.6384459717755382
0.13458342515996527
-1.4423928047949939
-0.07878161840665264
0.1496994475067452
0.0029004806038486317
0.045934430562569066
0.26435572004851055
-1.358383056680007
0.09594213352367718
-0.7420132745011853
1.2913049629345201
-0.2767165942320752
-0.5230060649669497
-0.775669972263156
-0.6770309154217332
0.32432000881794637
-2.0212147860605527
-0.836354235105777
-1.3024499731051362
-1.0678097913561684
0.5262303812966539
-0.4776183063885674
-0.8929851025897713
0.8026117100076204
0.6187280755005492
-1.2686261936656589
0.6385018339921676
1.1147313900797093
0.7681844227362584
-1.420142972835503
-0.10530071590670546
0.7528824795099199
0.4651646914272591
-1.0105641075796037
-0.2046827957105218
-1.5136884560939037
0.7069018047921313
0.7122227501793527
-0.014753396315840286
1.0374228479411562
-1.2968349202098148
-0.3822995393663927
-1.0327643632608696
0.7068764129350328
-1.3356051607634758
-1.356694721842576
-0.9282620005893923
1.529178781308499
1.309160619143252
0.6023511766269306
0.6431050451042276
-1.1547691434946303
0.08649317696867356
1.890978077784983
0.435444648304401
-1.511145601761951
0.17389715057269184
1.3606904402213673
-0.02192070657930256
-1.068356781115345
0.16628313384868793
1.5079611388101966
-0.18711334348342326
0.7413497303738302
0.09300356451660373
1.1191671163380021
1.5876870479911729
0.5232895091619144
-1.0250984728186614
0.6232022324031993
1.9293805637138803
1.3798833238760104
-0.0033046109750818633
0.9993045786940301
1.3160891437219702
-0.9678472231570082
0.23207026213845627
0.5069793604122859
1.739547781841773
1.5806551788607421
-0.0779705644235366
1.2190694547556722
0.41320831866219704
1.5706740677639053
0.1670803547375281
1.6912945918764446
-0.33347069471040913
0.258892145975335
0.28440203045853213
-0.9214043012596145
-0.49105793991491403
-0.9133336128839044
0.5506837681929073
-0.990067841677425
-2.1105237905503884
-0.7799409206804093
-0.341607438757201
-0.3455538267236712
1.3013830944963198
-0.9673909031131187
-0.44753559358947176
1.5707835979064768
-0.02025017193002785
1.063937191037886
-1.182576703607977
-1.070119560957201
-0.4951415634161008
-0.3509966559951909
