1.0161409050431294
-0.9842937781618715
-0.6631364572659607
0.44643028566429416
-0.9610339196917942
-0.02938103633884121
-0.18018906793527925
0.8354727426459243
-0.16004619482287788
1.1937632031028629
0.5689760427831766
1.1630712735681228
-0.4711141298276765
-0.7056718293820301
0.4644470141193716
-0.9649650643938743
0.3934899043233313
1.4398744652718767
0.017171073050883636
-0.7012196443640967
0.006225780898776299
-0.9079180752546332
0.14968209042020164
1.7305863930903
0.4331161354644074
0.7478215136633186
-0.4040877401593559
-0.7949233884346985
-1.1537341533475018
-1.2400576166374664
-0.7273300806960338
-0.672260322561227
0.367052474956164
1.8315236083850124
0.8980895491074361
-0.7972256450120536
-0.9352840681979485
-1.0677328577071679
-1.9497822371043532
-0.7877128900257601
0.48075148907684456
-0.9596578019162848
0.6707741107413369
-1.5896705942926106
-0.0851216106679716
0.5092816477144425
0.3729390588890258
-0.488696130436725
0.1427023918837929
1.012931060041188
0.2292067487533968
0.4517658001658302
0.0413693050042177
-1.476612771621555
0.48346274853026006
-0.5312805391597644
1.772539029370123
-1.021628160673872
-0.5680280552670064
0.648250133680042
0.7363897682938932
1.0738162122124033
1.1714737031560392
1.9798242563949235
0.18035533011213054
1.3314862737236184
0.3917885655832608
-0.654811586466801
1.1570055024464876
-0.008817377061189872
0.5188467298942743
-0.22539746178410355
0.44931297662269987
2.2253027638991294
0.3351771607847806
-1.0147324718537338
0.6721789500412798
2.5448622548578737
0.031247929389958157
1.4813974537142829
0.7198777581421734
-0.04875304867097296
0.4548415945321594
1.442861015659759
0.19180473358556105
1.7671718647790575
2.353419412898376
1.7748960586496614
1.5206567407420144
-0.14630948322446435
1.7068108206456543
0.6938171015181827
0.7859208041447241
-1.192078815106132
0.9127311639303909
0.7887380240093784
1.2542353345252315
-0.07387112260139636
-0.1975158636781322
1.6622733544876895
-0.024388963391631473
-0.9369425434567724
0.04132043468908042
-1.1496703064279414
0.03459616186088301
-1.610437958050428
-0.5001977517369647
-0.6023911160847394
0.04844172996860633
-0.1135381254237498
0.21563393720256485
0.06978533581839982
1.4228007739134922
-0.8175166335886144
0.8392849747421093
-0.8356040647633961
-1.4684909616326147
-1.1322595235842352
-0.35810693376490366
-1.7448194708915927
-2.5264011722419455
-1.2947014955373193
1.2198984244848643
1.4968789353752314
-0.8493530822266564
-1.250881889660556
0.5613995810634685
-1.5327675482798142
0.13005073387506177
-0.2093902898618017
-0.5079421328441937
-0.8753043199273495
0.0034562443409620162
-1.8205705787226731
-0.011932602046101056
-0.5058378848119429
0.4634822427262929
-0.95862777431753
0.6275503141271669
-0.858429989695123
0.8270777620079818
-1.209935573843833
-1.8168293926750227
0.6179204895075325
-1.6058035689947991
-1.1993975462895674
0.421602050286261
-0.0928386959607496
1.20389588406492
1.2765246968538349
0.5141420169308167
-1.0707206069982589
0.7510816225650581
-0.8225335771814503
0.6234433298232107
-1.7320729570837015
0.052715828183318776
-0.8816320798870122
0.015405642300339218
-2.2544969335911054
-0.0636424783783944
0.9319045933062782
-0.48046177230472314
0.9364292463069633
0.13358645195822857
-1.1004996748552862
0.07937497738080337
1.620892135023063
1.2916191448826073
0.3739612732419615
-1.7314647766480495
-0.46043185701192263
1.1121419317872674
-1.025241692465049
-2.158072157033956
-0.822909898810991
-1.3031794072979945
-0.5337513898687609
0.5883750736853112
0.42099980955599653
0.2895445749438539
0.49852014541792644
0.2813835561996551
1.1326740928468457
-0.3463825703855646
-1.5975494975672726
-0.44209728439794765
-0.8544364793051666
-0.8316249235567053
-1.1193384214998945
-0.5311793776391138
0.9718110817506852
0.26029394094412633
0.6784490792844806
-0.1249657027130365
0.3422986510075348
