0.315283977220428
-0.25673932352149137
-0.2942803093423953
1.039057466437466
-0.5351357393445738
-0.003925698406179866
-0.652269268343573
-0.49419803861820294
-0.34465533133429804
-1.0745041119704455
0.357558174639848
-1.0063138114471268
0.14873492501158064
-0.921945676474777
-2.0311340374443128
-0.8591958212874037
0.7249374025423995
-0.22050611050914024
0.9492628443895782
-0.4744262964461522
-1.3051495083411362
0.3742294194780481
-1.229080699560374
0.21565640873754227
1.9303866824592695
-0.1014193226265814
0.6329101058410622
1.9680084255695431
0.23681964913035425
-0.7870396466801305
0.36535477206920247
-0.4168632122465468
-0.09574930880469731
-0.13951551435282827
-0.66796878595989
1.1562198687564647
0.13596038905700333
-1.0079768288356594
0.4189350684010138
1.4047598068754823
-0.047796118840113616
0.08321763107104016
-0.12325282907569847
1.0004122624027798
-0.8371175912493519
-0.5311924609985336
-1.183786774496264
1.1053514304785987
-1.7631205379827488
-1.470786232886936
-0.2410459350548633
2.2402168619680247
0.45983088319807436
-0.7184739223337554
-1.4415770164923314
-0.2104549727838927
-0.12520242130701983
0.9914131740188599
0.4478799134338118
-0.06500217977311697
-0.49078729813637084
-0.8617260508014981
-0.5848236798105193
0.25276590136052973
0.20910002556492704
2.7161774093900504
0.3149746988823343
1.9028810196272707
0.6998511679377533
-0.6204949499865794
1.4967726474974274
0.8454545848572818
1.473723517733076
0.4511210908783837
-0.9429738754638565
1.6265052632318335
-0.6985264081849085
-0.5260676708717544
1.624253365240029
0.7834750203203286
-0.9624002143760798
0.3577639446728961
-1.180857256674771
-1.6865425906096874
0.06437407043766763
0.6009680551699839
0.7743882387384158
-0.689138632010662
0.05027533074719694
0.7843769430047922
-0.3482119976700312
0.11166758217249328
0.005618078966395415
0.11120791605941005
0.6120214480072048
2.3807700190243555
-0.24205934085502237
0.9128552938644966
-0.9939331749082666
-1.7985620765543493
1.5680230262107848
0.11961417883921972
0.39673153555715496
-1.2121017225904451
-2.330383000853226
0.13349311355450103
0.2623111627692145
-1.7175131931522485
0.8772652969843092
1.7511043845292626
-0.4490844397617979
-0.2528927990678847
-0.13131851146516887
-1.553020977218549
-0.21312887141971498
-1.1502455133084684
-0.4042091848744575
0.056780281720789756
-0.07398434283987512
-0.5233943175629541
-0.048024541377478386
-0.17752576048282076
-0.3843564808973987
1.229576220042326
-0.023107723138182202
-1.033883466630992
-0.36595563246764795
1.0993165717340327
0.10048425652541297
0.19667879248300224
1.6440856888727577
-0.9329366098913129
-0.3149360993709461
-0.31881038860877486
-1.118656449501242
-0.8810661626990727
0.7157136626260414
-0.2914941032989426
1.193312975901365
-1.0609721465662645
0.2021915187467475
-0.05408232417840513
-0.5688663136016275
0.5692242742763671
0.04036425948925121
0.20291800996383738
-0.35783226208700025
-2.0972782826529865
-0.22158124339904664
-0.34929727608546723
-0.5046227332080753
-0.6888030774716736
-0.08543976472585586
0.5043718509485544
1.7648679521966584
1.1789825988099993
0.15285599297071192
-1.8992466505735293
-1.9189710710555534
1.3393423167616043
0.27566536046955575
0.06985847175438761
-0.7162771573961633
1.5769499770320317
0.8092140148459519
0.06964805536678402
1.4856377541499093
-0.428081229936441
-0.6734950463983996
-1.3622927333146677
-0.5216491314597183
-1.9281718559026402
-0.05819886569097193
2.281845840480405
0.5261809377312282
2.034671921707094
-0.2240046897806729
0.44385292008761573
0.347843496218025
-0.3329832567544117
0.3599900139071772
2.4966637310762057
-1.7952008411793168
-2.010834626795907
0.2584529871397776
0.14093154869141936
0.3496010456116985
-0.1380097757458229
-1.0900682918449063
0.7165571684698402
1.3474560084335518
-0.994178515411202
-0.9557447844352085
0.8317415969688255
-0.6843084445083015
2.3403163474974016
