2.3614705901440813
1.1915181978035614
-0.3461825312185118
-1.5013152797532154
1.1747474475884243
-1.003318719529161
-2.236137901829562
-1.698331147284446
-2.184111049803589
-1.5767969611984536
0.7740938748337177
-0.5103450983850222
-1.0338811413644193
1.8953374783817527
0.667249672402325
-1.5542439919362434
-0.026759011273215002
-0.2049230535826832
0.5834182286826955
1.2599834517450588
-0.12546396399242557
-0.0222050189732002
-0.04952389759558842
1.4673783352341063
-0.07157288097326561
-1.0074139900399601
0.4897986102345606
1.9819086943276627
1.0102571356079155
-0.20655536591887147
-1.9349036659076893
-0.09097641975485922
-0.5822107442349337
0.13761392614954449
-1.9831454390403462
-0.23097557769691615
-0.3059498167298522
0.19068691659903883
-2.083514600022979
-1.7044909181063572
-1.0154034491869712
2.1308298244729422
0.32916793738386635
1.3786707866023298
0.18609076819687353
1.1732418593071021
0.41851409682393814
0.9089356290166539
0.12679783953924909
0.2119033715491666
-0.28151832368008295
-1.5143876665033633
-0.07785814914948072
-0.8212041122186655
0.7062083731082746
-0.9232388991242481
-1.526814278413295
0.6830303900881906
-0.6081027975197395
0.5268234645879939
-1.2050598896642202
-0.7249005706761786
1.8678899566239966
-0.278342378543274
0.15200797898012064
0.6365544063329668
-0.5269743347674867
-0.8183587982183234
-0.6385623316028953
-0.05770383813605803
0.38672705111776173
1.3822969506521798
0.19561003438741137
2.1081253566648845
0.6274557030821242
1.8602388142317106
0.6005046486160093
1.8041290596076982
0.32724101486910784
-0.7176518730378856
-0.37153447860162003
-2.2578222619756967
0.445137917682438
0.6867450446514163
1.0411442501035804
0.6526159291956777
0.8233340851697625
0.5602841008338647
-0.6152555583069237
-0.5911608731589943
-1.5669945478915965
1.543339593639294
1.6276116800037546
-0.14421197987033055
-0.32793184479538673
-1.931624715764888
-1.6649364576448884
1.0642509815291938
0.26879181842914607
-1.5350460143559481
0.08974937015284594
-0.27130028744955653
0.263237545029706
0.30025503325410347
0.12945549911965198
1.0072087935927196
-0.009908506920050722
-1.6896907167370212
-0.01468676940224041
-0.9058786239666553
-0.004023653584763735
1.046177692816853
-0.9423493423152087
-0.6736930025851788
1.29696254191917
-1.1594089396065417
0.4779489596860723
-1.1139538638476927
-0.702574287818662
0.05398595926456796
0.8169804418991966
1.0407605571628238
-0.01062475530647887
0.7993294010692862
1.6162103871585034
-0.4203467664171216
0.6660080692193348
-0.20124405252624591
0.4127846718656579
0.1767231715852699
0.3302143416973547
0.7245778823474692
-0.45310220233972737
-0.22556382193267277
0.06838413069583879
1.624731019071415
0.1939107551700379
0.5946231204725962
0.2501784400665993
-1.8958222516037762
-0.15705007989750094
-0.06429911344456518
-0.941045244372328
2.237159376192254
0.4873103414186634
-0.24159913600779906
1.5151551090067141
-0.6361318589756562
-0.7002387489171105
0.4466363731777723
-1.1982272012965816
0.167405705999076
0.007507354744753632
-0.31407357420072857
-0.4007779210265368
-0.9915556171579679
0.42752197059525326
-0.2795443922968164
-0.14312598577418467
-0.3041977374401894
0.4447518551553692
0.5224293140221685
-0.3967864236840141
0.0667712122321692
0.3048400822135506
-0.27221444526633615
-0.1836071369595805
-2.013414860145977
0.6182388938006144
-0.5275925682001452
-0.19458000293389124
-1.1985303533966094
-0.43740922836150764
1.5617530657520253
2.109865909830532
0.011089726382041084
-0.49819802293100857
-0.390792285183544
1.5557482585370082
-0.40162976938200295
-0.11064674639117285
-0.8755074345390366
-0.3205887619035069
1.4475340182450658
-0.00868818891979776
0.9220171338151572
-0.06845147281883036
-0.9963732827767634
0.3550436353521253
-0.6550354075205269
-0.11658758983883374
2.097255201357488
-0.33129416309409754
-1.620859270753114
-0.2149622266568577
0.0034911068168054895
