-0.1552146847564863
1.8046927192498887
0.04142927227188955
-1.9954003004768743
-0.252765269596198
0.8104280449730655
0.10066768792738845
-0.07409753416194119
-0.09513291828481647
-0.5131766765971469
-0.057297911644604495
-0.931458959693232
-0.2845526013118199
-0.09886912972111392
1.1753508614024744
-0.022772823545451994
0.8017266742285983
-1.0342988316486572
1.1739210500327784
-0.7167440085867712
-0.09828261122192655
-1.7979095631357964
0.06588581749544326
-0.9251146435526344
0.9996544492629024
1.6937006602842155
-0.49880395898900665
0.5140390519543995
-0.08810935731253958
1.406685263647837
0.25927826080857685
0.5044955687878349
-0.14223568429597086
-0.39397440544786017
0.07300859079281678
0.031264988793891405
0.09168088789884289
1.3307170445364789
-0.697609372529954
1.6213273375432748
0.3121968413058321
0.6806882115741496
1.0352034713166212
1.5482452120625754
0.16045093064959434
0.5999619002623954
1.0552178365724836
1.4540068262902952
-0.16731885454728845
0.16776783779807966
-1.4202454994997773
0.41970842819776205
1.0278207654015141
-1.201272257263007
-0.1303755264427801
1.5437360242740126
-0.14821669396062453
0.7699793714474963
-0.5565724882447142
1.7344559229597958
-0.21549916115564452
0.47645663559415574
-0.35428043699304534
-1.7628669704763842
-0.09591696685388613
-1.6427457154977634
-0.28061631647266133
-1.7655711968240921
-0.044349641398196395
0.481040993949871
1.2841665560246658
-0.4676747196624667
-1.6452813569366989
0.7449543846003603
1.6950089159245243
1.380925051092711
-0.5476480821578272
-1.1110896531520347
1.3636932367333388
0.05367384953762818
-0.822398505701907
-1.8187917707788408
-0.40574528942614096
1.9072832779595208
0.03693241578505668
-1.6197019920041476
0.030451276946136648
-0.9461582127156791
-0.797673507434533
1.2905483508099593
-0.6570199385334333
-2.1097052607740707
-0.34399572856896227
1.1613690895849924
0.03614802249719449
1.0345492886882217
0.05029421066087842
-0.03601129947673414
0.660689940794608
1.16942756067202
-0.5823599118798756
0.38404068132180974
0.6582799762019877
0.30799166046393106
-0.874807668040885
0.5180641948075893
1.1397273516716133
-1.0280687966818238
0.5864478899776376
0.22553338616146393
-0.5083295663029541
1.7277045754291935
-0.19721404965033526
1.3645366615335883
0.3292277440328475
0.30412655966604296
-0.1750122620468368
-0.33124994488033843
0.16081979190419204
-1.002087839284183
-0.09952227604675519
-0.6117748284345857
-0.49226189501858775
-0.6112595322112255
-0.1580465721798844
-0.9862536795208673
0.07429591298422618
0.8807385251203292
-0.6030965903851017
-0.35412939662014464
0.7955359633717063
1.4028615806690299
-0.13487001439639656
-0.4989660936812343
1.7322333424787253
0.2962396711714086
1.8991686781124426
1.26642905449262
-0.4753820175827143
-0.7567645712590995
-1.0188272497639144
-0.29187587523442254
-0.9356161724710725
-1.474316627539715
0.07403095957799978
2.1027845366042524
-0.16605660102847955
0.08811037184005274
0.11649724587126929
1.1884996920055375
0.11275249546451215
0.08627407188528984
-0.14126788339267596
1.125095557817182
-2.2091786850366173
0.5104370353263623
-1.546755636750119
1.0643265723414532
0.22031003895130186
1.7742251892978749
1.9091910953446949
-0.052581582303171254
-0.4919163886859192
-0.048707452717626276
-0.08776262205017768
1.5359270801367935
-0.6000375860524102
-1.9398213838192877
-0.4469814533415403
-1.647155779454827
-0.38959383192668384
-1.14160406542945
-0.3686397032437228
-1.2156840762036445
0.18576060102702832
1.7103895001005625
-0.16329520469514777
-1.1618220433151523
-0.09310950601449068
1.911094486376093
-0.2601455154838167
0.24529272427288226
-2.0932953913388963
-1.8867141462858465
0.8417722552153185
-0.5837542540595696
-2.3258358647732718
-0.311711450158432
-0.49522409611216434
0.3325665218480042
-1.680302426290746
-1.5895936936007218
-1.158710253989252
0.3437610446519984
1.1328954513263794
-2.04508830058534
