0.8597227512115968
-1.6589953810253202
0.31004523435755227
1.028137423131972
-1.9707764058979134
-1.683369996090867
-1.2039745660687897
0.19502872502810267
1.5190195302722393
0.7392546790550248
-1.1447313135078847
0.3578027799347044
-1.9078199073378235
-0.26298910435819056
0.374913689056663
1.3477143627117547
-0.15985882365010243
-0.04183437941943446
-0.24757055080684642
-0.11179173568713244
-0.9293291264472833
0.8354512663480888
-0.7423691587030865
0.6896128924763653
-0.7458331622557646
0.4047378025732109
-0.6449583724156103
0.4038475512306887
-1.168528624708367
1.001244197209305
0.8432618709738493
-1.273051590106442
-1.237365598711878
0.2525110251695111
-1.2912623006572497
-0.8191934224364263
-1.3590692304378396
-1.943484208413936
-1.2670727324922124
-1.8180811815322218
-0.27696222588873126
-2.0360650762630086
0.01672182902039032
1.1503371065542938
-0.2807844790405643
0.46358049265829665
-0.03180050458402148
0.22632093517512228
-0.17969572252879296
1.225957865603039
0.11980224312340994
-1.4082816495789992
-0.3489119750458812
0.3400522833588942
-0.427958257919566
-0.4335269293461415
-2.131659339857286
-0.6689775305183495
-1.9012472848159496
-1.5862765745735137
-1.0782181947926508
1.3620543446634352
0.7758965734217105
0.6658655362534645
-0.01069292124107166
0.1012969962335938
1.5447565000300076
1.4507249266938655
0.3568120932655438
-1.0703563619757783
-0.30551788595222024
-1.5739805206890651
-0.38341331252761923
-1.449084832633855
-0.0028959053782582436
2.5303830902890225
0.2768596198223499
-0.2707122195075356
0.06729484173759057
0.5532529137155886
0.3047253155576949
-0.39323647848509563
-0.10057555028654254
-0.5591438592383132
-1.3596630455594463
-1.9718958784785845
0.6473059334916165
0.1253408455176179
0.44086407197649874
1.6492836225832956
1.3935675129728573
1.5722484250627027
1.1568982873883618
-1.535651226493011
0.8631710734244887
-0.860230721853972
1.1631602451479823
1.552178194994762
-0.6669731606758756
0.8502203292086666
-0.4824244638707552
-0.5291458370165855
-0.6227291074385608
0.33520659315406104
-0.19614270015862842
0.5621864531396027
0.5252221408971915
0.8278301397787031
-0.44849218074851066
0.37727602289556067
0.46737861304224015
1.1299964309315487
-0.714375624760948
1.3179242018638462
1.6197305997449478
0.8364779052899403
-0.04793316074116576
-1.0490386423594287
0.2833460235795135
-0.11433184659787467
1.408630962289511
0.2637839599063119
-1.052880275458772
-0.44125604519376577
-0.38508169329735537
-1.4629235238145766
-0.40161213639288246
1.707215566697781
-0.1011182829476668
0.13645245760545646
-0.015672547932715587
0.8376555203367609
-0.3881499594464963
1.0187654460683067
0.17214212956230304
1.2814896080642142
-0.6227833801814037
0.3397055283427632
0.3938743932326689
-1.754148733030958
0.1805124089053046
-0.15347976712254477
-1.7688497179523592
-1.7225777664754736
1.29204319596014
0.9252701306128812
-1.2247565233227014
0.08136414812388901
1.1277950241218846
0.16905503836890506
0.999101954640346
1.4704843630745676
1.9377211965313403
0.19214428401218878
0.20703046646909024
-1.0748275895662507
-0.3812842987855099
-1.1303325478508015
-0.1398050099884668
2.067898993165184
-0.34765449517780955
0.1826631207887648
0.06361500579789733
-0.7001501542554405
-0.20735510172980792
1.319250719747067
-0.3800773571621103
-0.9059751450125403
1.3529557050210481
-1.8103616081685368
-0.18801970886800573
-0.3819368766604391
0.9603704000679
1.0043335660122108
2.198427841973519
1.5309119925322772
0.9547495878229246
1.5621070609176289
0.8868734246718792
0.32219867719870254
1.301811204001124
1.718173717990198
-0.36428334151387426
0.2509232817377688
-0.41244244962013693
-1.5916699844734075
-0.42080798210737647
0.12799676776924462
-0.49600133244106437
-0.7981275967041074
-0.027618716825777753
-0.23531345399927012
-0.05296733779795838
0.025662702035902284
-0.032327180673286784
0.3519671783606265
