0.5572076181012813
0.3830336461866714
-0.282102245741375
0.8102874888206807
-0.05436628549741554
-0.09025309524502907
-0.5324157712775242
-1.8625424542952522
0.1689908078710558
-0.22922347729371229
-0.21528081792368114
1.9388781209661994
-0.6055522457060918
-1.3471955957214723
1.6972300228666857
1.7239079690996633
-1.3581066272385491
0.7714006082157929
-0.610419201165196
-1.9679970306404206
-0.9241462303639749
-1.6559490804818542
-1.1861627798659127
1.7487166470929014
1.08076234976651
0.4232613176137935
-0.6416267135056873
-1.527003343124635
0.20445341676813245
-0.3068297526187515
0.007693703635008906
-0.5061802305253769
-0.13452206177505172
-1.7431938489145147
-0.13244515197634052
-0.876021782863123
-0.11667207785944494
0.6193507357583604
0.045923272915603684
1.6440074437935386
0.6313389932486484
-0.6477341252541182
-0.46286084332102345
-1.5175451426670457
-1.8517234971957774
0.13780248174092166
-1.0874150117825123
0.6128664484367181
-0.4741841059611013
0.8933252572321562
-2.1380752680824195
-1.6839794832330206
0.06689090809257135
-1.3883670616270858
1.3935241478947007
0.8439781561546836
-0.6581823844442779
-0.46020806620482724
-0.2739863037118519
0.009582384113923936
-0.3913178889957777
0.7640704166869104
0.24970783280785577
0.7917674001367285
-0.1248514369135336
0.347825201617475
-0.323724470044654
-0.24911587791946246
0.4645054006423093
1.755549584822222
1.7734776643743975
1.011674156063921
-1.185529482315596
-0.9594951052190489
-0.34897227637464734
-0.08600676005113893
-0.4311359467517003
0.5449072245163391
1.058058217243686
-0.25924279220029195
-1.0321355872146212
0.09482983788943537
1.9769230215924787
-0.497381301066387
0.09712971839755483
1.0063362359041592
0.07327089079853905
-1.8640957971320946
-0.1796874654471706
0.45944018012974847
-0.09191824891355305
-0.5021794947758453
0.05066886433170655
1.0559609750567847
-0.2875410119073378
-0.9049819939779551
0.604904101866213
-1.3090935399478942
-1.843327959089924
0.5655699721788155
-0.6233998749595353
-0.4398707332149574
-1.2862709677847368
-1.2704554839735858
-0.3707845939319735
0.5495080484249468
1.3880964204348396
1.2841446093095357
1.518945867350405
-0.014484256578723523
1.0186490070193508
-1.5403998822680895
-0.07788411939935215
0.20583095353223463
0.2988630939974085
0.07692994938950862
-0.7269139113658888
-2.364355424840846
-0.9176707506940667
1.5971065806930236
-0.353180778989329
2.2812001269188062
0.29608716209818753
0.9311262217819409
0.01679928828395904
1.5401923394263133
-1.2790444235723946
-1.3650579806955483
-1.4450043943692066
-0.22603525339988187
-0.7096333255880123
0.7284042598966943
0.3058058704356231
-0.5258049187277017
0.6443029685645377
0.27813073760755425
0.6630083195765634
0.49292329867389456
-0.5211974863274287
-0.31804264597950876
0.47839163668902207
-0.18281500677088203
-0.3509035099022542
-1.3825014564283653
-0.7949154526986301
-0.33514929584768893
0.12801238601219855
-0.632157835697922
-0.4006560795831908
0.2939731537497635
-0.04584427909322497
1.5141196056915973
-0.7917130500188215
0.22942923005510463
1.2396310852051324
1.7110811064413227
0.556817066017242
1.3981148622847461
0.4357974818773768
1.6346046517955826
-0.574743686049186
-0.5737582280501522
0.3350665530493299
0.022703457990365036
1.2634154215866034
-0.8393264964612981
-2.0137725564801796
-0.5761087568048956
0.14008804878462675
-0.11195173489222575
0.5589803311621739
2.8148592481512207
0.499943050026191
0.8980351010150132
-0.1983833946139445
1.085202552511802
0.6656756894067601
-0.5086525035781325
-0.3869242270058004
1.2325785157183573
-0.8082338980532393
-1.3438413854665148
-1.5022445020061643
0.8506196210300885
-0.017127387695078784
1.758866467717103
1.7233965026720983
0.20268325281936916
-0.3603134722227252
0.3473892864907415
1.765729645930808
0.894178951621547
-0.3291210177965962
0.9345109228554426
1.087763884289015
-2.119850686264597
