0.08773079158086587
1.5524567745315332
0.02039351990618194
-0.8754938898818392
0.22162861714036872
1.355398151975345
0.03458833035211039
0.6944980810294045
0.1940621086736395
0.650180667667751
0.03795582903419048
2.206339513570285
-0.15360291634087703
1.15317214967597
0.539635462211123
0.48236515859095447
0.814653471896075
0.2300961152921187
-1.792910422851484
0.049137364837254074
-0.5647656332625547
-1.5955276425911704
0.4175541316163587
-0.864512421506866
1.7474143570155847
1.0427037682077074
0.9206182481854831
0.6191146723792241
0.10287007270171884
1.7243297373841673
0.15995725314584916
0.28133850648524666
-0.005542117699643162
-0.8844728099554063
0.21914367413199393
0.7220157864209106
0.2159991729983944
-1.2880164698215368
-0.08974335236500383
0.7520776815755749
-0.1142311372732856
-0.1687540325069062
-0.5578837538236422
2.055172142596491
-0.3156622473487009
0.4011318178686991
-1.7081621106747067
-1.2753757614216839
0.4151658338603787
0.35079845586679875
-1.2917995367699622
-0.5733345656882389
1.982560740970771
1.689005386288585
-0.35649305786341207
-0.15985806546907058
0.14911882731608103
-0.9092846560322566
0.03423139054580493
0.08411461184323246
0.09699155072525771
0.17986573934906966
0.04477016401541427
-0.11496359017809707
0.19794536345478886
0.6891376860906067
0.021659655721612683
2.1302469739627488
0.1738109622963492
-1.838316308586035
1.922625299231551
0.27751318879453174
-1.5455149739648204
-1.1369903421825323
0.028843715440630704
0.4930904266020749
0.8823562474724189
-0.9674802605108161
-0.8514007030979909
-1.7676763671069817
-0.772565409426668
-0.44555039218772574
-1.1191969722784194
0.08468449054299086
0.04542724933419261
-1.0108443846585538
0.17800579497997568
0.28373833922218283
0.019044446058991922
0.13134325500961602
-0.07171426970879452
-0.36230971814057294
0.11301490009612293
0.8006957801793941
0.044128047758122166
0.7167560571819502
0.14379940550760004
1.7656181740321186
-1.7050989300261894
-1.5330009539842955
1.3451762679323809
0.424384711700384
-0.841277638823479
0.36087722879862166
0.43970294133947674
0.21884083311906266
1.950443314158922
0.6602916146954407
0.2638431593718971
1.9664868064919208
1.8117849490749527
1.6664723778618746
0.05057779777214038
-1.5697376143913175
0.04011768290890913
-0.8252605207981337
0.18244986858254367
1.3193249950820962
0.03408157110420779
-1.7814681849806238
0.13687651247866173
-0.9939844558818942
0.013589737536305008
0.29810255712882006
-0.051410777375252785
1.525859522826781
1.6391921478597893
0.0327823122254354
-0.5529130631659395
-0.890064296388055
1.0846467278784047
0.581302107657511
0.3038837820899912
-1.2100957861853547
-0.9196776767099993
-1.920289115699773
-1.287837022148013
0.8157945485868255
-1.3178204952708417
-1.2050122895019653
0.027876226765417213
-1.5210064375780483
-0.08138543017833211
-1.024539094518647
-0.11396367147427972
-1.0753201338822818
0.09151748096634715
-0.2367343857617961
0.011593182442068932
0.5015406437120001
-0.11877930039827438
0.6457995853378841
-0.056006021806626845
-0.668424273201791
-0.4557271543393818
-1.217126091691171
0.06739770029223202
-0.9191379401051669
-0.8473110565442413
1.6742908876302358
-0.7830652629148223
-1.7097547199203174
-0.048300119718714625
-1.8717581144622433
-1.315449190810159
-0.5756695452922975
1.6916373772135682
1.8979998748988542
0.19194004202814807
-0.5664188064143776
0.05209621832618593
-2.405416248487003
0.013421314834857777
2.3268529783938323
0.014490108440986204
0.573255522324637
0.21895138516792287
-2.335343235133089
0.014849001623540333
2.1424487581971774
0.2501680510336242
-1.7612129621839308
0.8738169661434072
-0.43024088931070337
0.8091721648252942
-0.9612248438349734
-1.2300419230282937
0.2977997345492548
0.32914806094685267
-0.16415340946344423
-1.5210893480939576
0.3515209121662062
-0.17127473241544172
1.4155796332448904
0.29634745506626353
-1.4834651757943624
