1.223783235793019
-0.25460539174760705
-0.4128136314456609
-0.7962814000326319
-1.76426034012069
-2.6017545030588027
-1.8247045915373508
-1.130298993291981
0.9168771013597772
-0.2274678914443023
-1.2024849041735268
0.02129051020326986
-0.9262589438735094
-1.3912559278673746
1.3284847874008134
-0.8812974364319826
-1.0935955133622268
0.24526719273720787
-1.84346193420363
-0.42563030871380725
0.8719761629298948
0.21488326229887678
0.862850925728724
-0.552112571979396
-0.6854867454399936
0.5595723558404694
0.12252699848423244
0.3654857097379004
-0.37999242721774734
-0.2982323078508849
-2.004151843107701
-0.8635120035641494
-1.8472659062171417
0.9614819990576686
0.9897301015166783
0.3797600228415551
-0.8711112614225577
1.5006194417483723
1.3872989165289846
0.45061766855880436
1.2923616946370777
2.4408418931153646
-0.8621232644496704
-0.23372988450820967
-0.21005310537008073
-0.27049522784234886
-0.9490007706698573
0.09538770044327614
-0.6689157050404511
-0.226697893803601
1.0608184652131296
0.23141480378224333
2.4408884833330013
-0.14435905943770821
1.905420396122108
0.4201506320681629
-1.798462888095037
-1.57725670191399
0.980881585454933
1.9639556511484066
0.8994993929198664
-0.06899713337395208
0.00873179954274618
1.183507595353168
0.6470954405033181
1.7306223960419607
1.9399853582058917
1.3282820465268785
1.4575769469026008
-0.1963820279362991
1.3397674897346068
-0.27796832414671885
1.6288571398893261
0.2271564487480548
-0.7478243678363493
-0.5504930143517475
-0.5354918401419202
0.2382593707482258
0.09039291687017949
0.4115455620366537
1.0672697660681423
0.1872835044941653
0.6954839415296322
0.1725744471218078
1.7214932817294961
-1.2104323886541792
0.5232940534811334
-0.3348649091515017
-0.666491125608696
-2.2152333800718864
-1.7711741590107584
0.35033427380828613
0.7778431240606467
1.5468668288911878
-0.41295239218746366
-0.7799355486710217
1.569004198448219
-0.9726635495691667
1.0823698996598206
0.39834981440146594
-0.15260731689474175
-0.24737692873180803
-0.8225739858834078
-0.5939757865439383
0.34383334060887577
-0.2743344752784145
2.101067155937121
0.17585192132397381
-1.0049443008897858
-0.39238404264049814
1.3128617440067791
-9.656386661916569e-05
-0.1757505531861561
-0.7923600730554815
0.8093704805452014
0.5699561464576072
0.6722013855783652
-1.8062636434200243
-0.724294405104897
-0.1661204102541667
0.6891525979919919
0.8755683966263548
0.3988229803771265
-2.00622620183123
-1.590113373338293
0.24559773235159874
0.6706668646937546
0.36325777876727844
-0.5840896771878691
0.3161292329226746
0.5598758820383335
0.0791907557969782
-0.09569637311544944
0.33612213557689313
-0.5518295199307651
0.017097307862061345
-0.2272958621686536
-0.6752227482789439
-1.6130831692149032
-0.11713779811210892
-0.4380375346483842
-0.9069149361094772
-1.3291941818414919
0.9507338776105038
1.3429157084716137
0.6691161618382655
1.549181987147185
-0.28579581139841026
1.9034693702661003
-0.21853076238354027
0.6940813168091038
0.8331881508199066
-0.28005458216020046
-0.05099443941809547
1.2655561231808965
-0.7461289483142489
-0.3973258815374929
-0.43099278499908994
-1.4338210140465246
0.2397107140688473
-0.9964818544312517
-0.10392677875678057
0.720562231755991
0.1912534483236884
1.8486458193676383
-0.44321051177097864
-1.6536868099438413
-0.32126196368220034
-0.6515717729766412
-0.813370323390789
-0.4512057935017624
0.30025093156339533
-0.4975523467732911
-1.9957416821833356
0.1036890058394597
-1.0128534452248035
0.041184241106999135
-0.30003517323254425
0.5110403054044145
1.870361656089663
1.259707762728511
-0.9441824411985031
-1.1794225406606542
-0.8542421997008267
-0.9677775270842759
-0.19263300130022845
1.0371716974818879
-0.9465679452083628
0.30774114496885
-0.857696839178263
0.5434277992655979
0.01786763773591498
0.6493802033349978
-0.33158495307862623
0.8661797180219322
-0.10450615945540893
