-0.3017887932699936
-1.266568370775683
-0.027052744452296267
0.20389646981864656
0.7208698948307554
0.08236920004958674
0.1150518326437071
-1.2063141139945348
-0.7484197960144977
-1.430325857892594
0.2697459414376891
0.6707510921347618
0.572930738240866
0.42098081095152695
-0.8004348022289463
-1.1101558060497159
-2.0470988681700666
0.19429454838904028
-0.33208522871111756
1.6479546961494997
0.008216233777961601
-0.6022213452483044
-1.4388831404042126
-0.8972059881796653
0.024938549842277623
-0.5142922667532666
1.9814746014615492
0.1806022817079947
-0.2727727416876172
0.7562686190091413
-0.12003370735943093
0.01657664173148449
0.6681530285295679
1.6968016744238987
-0.3079028155984644
-1.6192202204058312
-0.5681320013695026
0.989496828337915
0.7091658593581591
0.19817002413808008
0.8432010057286881
2.3490311939016397
0.9631403410370286
0.3966473169189951
-0.5772440789443342
2.0045322406424266
-1.3914413920585686
-0.7018469333689112
-1.6986497113236685
-2.073289819148905
-2.45103568154179
0.008660815994382343
-1.728777983094474
-0.7078540101016736
1.6002364444692878
2.0948979177248823
0.10825890515363618
0.701375355081793
0.42726978465025167
-0.012473692111695706
-0.1778032190511936
-0.21188772415441362
0.09920026060380932
-1.691695669275925
-0.49198814028548077
-1.6485024447025938
-0.1407819464964968
-2.1824664807773457
-0.30784217600913893
1.765637246668204
1.562165769731944
0.4706052276739458
-0.04717600859978713
-1.2091120199122751
0.14710224840788552
0.6193484311758898
1.9675668701741933
1.5622524838729992
0.5671283090442126
-1.3654671435456336
0.8541698377123557
-0.5994146912049618
-0.22742438012942628
0.5805540500745482
0.01965819670090694
-1.5301474307021308
0.13053525492907225
-0.3821039765909943
-0.3702448504387222
-1.4401690470355037
0.26635290858867444
0.6713469457125609
-0.36278076651849056
-0.7992010217961952
-0.48718290026796984
0.23790022518409767
-0.5632172915336119
1.5422762038141884
-1.3620709128680792
-1.1816496510877363
0.15217039732167792
-1.3671472949263823
-0.927795708834698
-1.608132020519696
-0.5887665353408675
0.4968723687008824
0.17305025839175514
-0.9700877453365264
-0.4180106937572465
-1.4967926472971245
-1.5271907579704096
1.0817724493385836
0.362339460212719
-0.8001024673274535
0.5550641697625804
0.036877229250788034
-0.30934168089689223
-1.440397943695948
0.16639269606317728
1.558917710941061
0.6603613920929076
-0.6636737505950981
0.4209976784648019
-0.1001199094507044
-0.10635655681781983
-1.2306973969386057
2.399202701310809
1.6187664567471887
-0.8295140491465293
-0.21832918876236154
-0.22606574218773726
1.3481376237957488
0.36103862238929224
0.6897861607622225
0.44687513698313736
-1.025008965129078
1.2331770822699604
1.8023877372764139
-0.04541949618602829
-0.9569364930539407
0.34800533739976314
-0.19006839409304643
0.6691609066091428
-1.3474366676241234
-0.020527867623316296
-0.8853524555948388
-0.21968140679262163
-0.2853454339622382
0.30681954497146463
1.611954111725514
0.16597197617619575
2.0493061687926213
0.1861840837608607
-1.3437674620029065
0.5995556159919445
-0.3646738356197352
-0.4180645649753052
1.2403469487634229
-0.33444667020124963
1.2443998657237032
-1.090289744545693
-0.5331584958984932
0.9729031848969069
0.8749350913441731
0.16970944601968338
0.5425947410971322
0.5997805318522325
1.4144174049750018
0.09912370750134529
0.2710910757276733
0.4907831086458323
2.3447912864162603
0.3566093656584487
-0.4242679117027126
0.2756817843509506
-0.5518875388367402
1.186284949912521
0.6046679485873854
0.48689595443545897
0.16351971861872971
-0.5183614885755695
-0.2370998751821847
0.03069244003194875
-1.3550153829379683
1.0323219027378998
0.4114199704739374
1.730385057270152
-1.2327938984934066
-1.2157688516975675
0.5290539229556717
-0.830663586910925
0.46719238303674887
0.8972534111261191
-1.3141404321634464
1.1337977440718523
-0.4590085692218639
