-1.2804253355862003
-0.7803088357367888
0.2931873461596395
0.09930119903292696
1.2108614909816284
-0.24585327488670825
-0.5168004778775918
-0.3505658908126243
1.1906437057820853
0.4530803785231455
-1.3849876704572024
-0.03890507155446089
-1.7350049942540497
-0.2735489879076515
-1.5213474382357015
-1.3133994133815075
0.7400400043188899
0.862376888405182
-0.18577284293396343
-0.578086281086959
1.0031653488985766
2.1891543576643597
1.9235273434867681
0.5089267337348673
-0.21121896945540533
0.2147594630245545
-0.8404299888978897
-1.3255969402740087
0.6976131070999989
-0.32744371548079765
0.8015495816864671
-0.39592571446620883
-1.3061347097155227
0.21505985954668236
-0.8195756290003194
-0.0027975802636450585
1.9591239627959325
0.49606036150202143
0.3641266060721624
0.07532389679964804
-1.3710792765552553
0.4165782873676274
0.2241015196623209
0.4707112285821556
-1.164489354173358
-0.772817243506635
-0.15313395329172025
1.8511908304362394
1.3931076914415463
-1.4563193925971492
-1.5545757648247909
1.9713420069581327
1.5048768886635089
0.7244418089243424
-1.335903526759913
-0.7067379094312763
0.7170694766291583
0.22247584975740126
0.7456777586895232
0.39269817191420464
0.5228931451934344
-0.5348916008866355
0.3255781081036264
-0.22201360478808224
-1.3477220846482876
0.5123201736107882
0.3499479090286886
0.288081758370375
-1.1400415710119634
-0.13474080505750152
1.7399246573736122
1.7269987195327003
-0.9234574567475097
-1.334613257381155
0.1743508002981509
-1.4138244313673707
-0.7149167917843573
-1.470223030030163
-1.1902796448241235
1.4487161292524502
0.20345326510984685
1.3381345517018988
0.8029640275193738
1.543799911374683
2.0575137180785448
0.4538048520544106
1.7594898005505628
-0.519181615245012
1.2370575864787139
0.3792203597740802
0.20308308190986646
-0.24048039025383267
-1.1845794877451512
0.3174365043491661
0.8081555346716934
-0.031364244953276464
-0.8334827839111092
0.2856030173569732
0.10028228345755888
0.4489758825034735
1.508496071368844
2.084006373129905
0.3190155930587675
1.4233436286477708
-0.7823137313109776
0.9633797380591888
1.2130177768297514
0.5730986038450976
0.05524513409185822
-1.6456515838148518
-0.08794802144467023
0.8554767628495393
1.8943116418090769
0.4763943153928725
2.0323414173850725
0.21527540438837722
1.5681554337260568
0.23473599201872236
-1.6375276513268882
-0.21668642596544765
0.31504802754289324
0.6501838696244817
-1.2528265295188856
0.23337298283147967
-0.34814466694043134
0.15405257837138245
1.213975828889066
-0.6724421243729362
1.515257480421065
0.9115742760044325
-0.30161874356824286
-0.013225919077850461
-1.1557240558931061
1.0527385194751526
-0.4469364986830308
1.0244432679437465
-1.515935517080478
-0.07290709257624443
0.8475298630164847
0.7202732361516151
1.5047785671096656
0.19474355265133259
-0.46048536754363584
-0.16392380035246662
0.8812367973112865
0.23805244863166963
-0.06526783070075355
0.019639615762789366
1.1394915976896345
-0.04189356635067403
-0.8226516892726312
-0.041096681891306955
1.6757379695489651
-0.210156634725581
0.1251668601902695
0.19702285204646686
-1.0199869292461818
-0.7482477469893628
-0.7413665234402776
-0.548025327563519
-0.2574469388874194
0.14976135693120454
-0.9623533193143091
-2.2729802485100237
-0.7398325581599348
0.3919220252218443
0.5036820578031168
0.3417505367974497
0.3090135172988461
-0.4551334384274634
-0.35319510793071457
-0.83244425933035
0.3802470032577374
0.0008674575034147934
-0.17706366605233595
-0.499807519529325
-2.228910983140756
-0.19174033695357146
-1.9263814141558373
-0.043692178970276455
-1.2537817594115424
-0.303943238114572
-1.3766725071368102
-1.483939493811393
0.3491929508883718
-1.6771886118903532
-1.1372330835213282
-1.327125446557617
0.8764862696338207
0.6459100297858549
-1.7545507164897827
0.14375880843386998
-1.792636578011421
-1.303026014685579
-1.149127953580189
-1.384948007302593
