-1.748184896905045
-0.28532497579979
-1.4845226291524707
0.08511662261269724
-2.0241160101195033
-0.17659783460457443
-0.2843340311521582
-0.15852961628556891
1.087460468288138
-0.011739895070421178
1.1437202173579677
0.18131041503659906
-0.5876337898940939
0.6116361338545413
-1.1918236092994459
-1.7272890778506467
-1.3482244069824685
0.8339869294766062
-1.6446537786287203
0.9408481249993638
1.056988570643812
-0.11236727746123233
0.2983794182916591
1.5330136739726035
2.0380081687530702
0.9222148673139948
1.3768176770176932
0.009440755336545977
-0.10532922252046162
-0.4681665626478097
-1.4424043850833324
-0.6607363355730276
-2.339363422592724
0.4262519398697041
-0.06563932079310536
0.23756495857163004
1.764649694807288
0.6761464077773579
0.1514522472234286
0.7987086325621232
1.2899977348079994
0.05446982237001691
-1.078445852608547
-2.7646157809717886
-2.219183362210578
-1.4053982969768983
-0.30605783930622427
0.5353285628157558
0.9838130993048391
0.42858439926144737
-0.10183730417684166
1.5061445435971805
-0.5646557327083475
-0.42745892992683315
-0.5101969407343081
-0.567580671002243
1.1868863426251002
-0.4298106393268782
-2.042140874749122
-0.16146039374882537
-1.4185353420983375
-0.21532839399460588
1.0073308083214667
-0.030416077951552604
0.9645401470904814
0.7857073146619508
0.11373247011811771
0.18210547168199046
-0.8964116171644034
-0.5343807758799398
1.4119129394817498
0.39933904111500984
0.29140994862873176
1.138118429181242
0.23975608095327902
-0.3123667695568158
1.8138228385724595
2.3598906209178563
0.3882550605632894
0.8787957323467325
0.7257062079684934
1.3647286921469644
0.3681177817305992
-0.7789574588594559
1.281685733355982
-0.5060227439639564
1.0129441466189593
-0.4769364507236012
0.8972737233877983
0.37914646396878815
0.6541721758974879
0.8867852666732233
1.9195668791477445
0.5793762378114571
0.9923235160988022
0.3112426737609832
1.0186971036460273
0.3255289316882733
-1.0104422192553804
-0.7221700801998505
0.26597084624038886
0.5242552204860662
1.2527522128415758
-0.1745230357366163
1.3955752218548203
1.6324104183432295
0.207152893646943
-0.47354972389750283
-0.12230546832838997
-0.02801496719605184
1.1759255107353817
1.0127625432324627
0.8384611355854062
-0.5255154665705444
-0.003227798691314437
-0.116118157640575
1.1159358449286143
0.46962407673831646
-0.7476848644817037
-0.1216950940348321
-1.6043877277214242
-0.548592406325007
-0.2821482630962902
0.05675887148924356
-0.9112721390593667
-0.5678484097025183
-1.3189482713859968
-1.5902268687476706
-0.36123909210531824
-1.0584872343522762
-1.3324973096271004
-2.201257594679178
-1.6599065559456798
-0.6002204384797365
-1.8232191107396973
-1.2079034320655113
0.23396692190287088
2.073913894474325
1.19802070508214
-0.9333423571853153
0.08606525369984548
0.03875348595550962
1.0635854418077009
0.21809241570138393
0.6291873749955343
-0.742077764127106
-0.9410091589900209
-0.9070482033555276
0.6050606367829656
0.2825479803586458
0.981743645382853
0.4009260811948327
-1.5842106232473188
-0.5995943081040319
-1.85405976963182
0.39467331545786516
0.38880986488669916
-0.7899332143147952
1.404292657961008
0.07193334676915213
-0.22609070845078483
0.6371590808937391
0.6361630376705023
0.8889084157761108
-1.521472415528448
-0.5546359154397019
-1.129601794184773
-1.0452173519827945
-1.1290258869940413
0.24139689634559486
0.8895131319967285
-0.10907830884663901
0.2673097859130392
-0.575818586737333
-0.1601021672124076
-0.1802988631855216
1.2766845663199575
-0.8496611179042907
-1.1574411845865242
-0.2322620993093777
-0.6944302931487408
-1.0410110513797846
0.8068224690100961
-0.9498790667740085
-0.9441055658402265
-0.6439700513093091
0.6969228682754932
1.8551999767186855
1.4677906546046982
-1.0334821136028283
0.0874097381070208
1.103869215712851
-0.5680969863602571
0.9798155507187489
0.02902942661673017
1.0914324855550765
