-0.32607766028974666
-0.5126056195710362
0.12240526070543263
-0.07336847590503758
0.19096457338835549
0.8793175415513547
-0.6264975251015105
-2.145181220437829
-0.5448658547279174
0.8891197671799146
0.27501696750956117
0.7654124495407428
0.2995622733879818
-0.01708949396924634
0.7203519392997944
0.7163556165256221
-0.3662250875626338
-1.1580782001568442
0.9059608561972806
-1.7073579370936378
-1.1543646198813824
-0.5471357632401913
-1.5168094073933818
0.078991649379282
-0.7032149608287372
0.6422478299988215
-0.15269574810289538
0.7703609674382361
-0.20933107487973146
0.7856149444083075
-0.28912509490018007
0.7732925709387057
-0.1121023966229292
-0.15824418020430084
-0.7301286786321556
-1.6668111865487534
0.05464893387928257
-0.29652206245952056
0.3942512711492657
1.488588718936199
-0.020201900040475416
1.6333590318120679
1.170421015442603
1.1094870142756037
-0.9001598872555514
1.364207927816017
-0.5497525085300495
1.119336379534292
0.5082832056368578
-1.4772512811719087
-0.5245594402553929
0.12642530582705883
0.07454276317104191
1.4686199373937898
1.375776834702739
1.005721163032705
-0.3018079473002685
0.687003685267252
0.5121757008233103
1.5739971536538397
0.3107203916060873
0.7104381255725953
0.18564129066213325
-1.4487484401933253
-0.5546532398944817
-1.552607989774865
-0.2530338769417823
1.790385920449174
-0.5728088178445836
1.2492608583752787
-1.400001339539689
-0.7789800403565842
-0.6190626308701619
-0.3986415006538007
-1.4226673953903646
0.20979781451298826
-0.8881233906616026
-0.20071010674279605
-1.258698586223019
-1.7530465114442084
-0.2352678361514531
1.0084290206822586
-1.1077845377524136
-1.0167825644379918
-0.015684524241414345
-0.9756801040001624
0.8837819049770025
2.1758713598327173
0.05826391992841988
0.8484948565182527
-0.3315549468478523
-1.5576801414717358
-0.1452476317282782
0.5546460504919972
-0.45182461536172674
-0.8860541284434393
-0.17841342876927546
-1.5721592407524954
0.9398805307423198
2.0235059589187507
1.7062491787374139
1.7256254243920757
-0.14699777864783012
1.6485815308561234
1.6037706142790804
-0.5675229892981317
-1.3435035347413786
1.2527619878636234
-1.018055509137045
0.44891176751224854
-0.9590451393297695
-0.577285575092555
0.5902617795090687
2.0588345874668703
0.337361007312245
1.0391041769768663
-0.061646929246500164
1.380361610535963
0.5092506108875239
0.4674514745779939
-0.42594054510952084
-1.0798291921887533
0.09215764436881436
-1.0151057301686448
-0.13466953761674746
1.758294763302343
2.0883131761650198
1.6264067761121503
2.0399819225025158
1.1103248447764533
-0.3383227832733201
-1.4204413373707965
1.0149527847440276
0.8998755158526479
1.1776746152577442
-0.45819584090375043
-1.8082145232131142
-1.3415015246893225
0.5762550045585023
1.5117166317705675
0.10418671667392403
-0.23163322132098974
0.45838166040523176
-0.8498768669677346
-0.24582656335349612
0.04194315688107445
0.3740610957900658
-0.7786512301168758
-0.11419428985368177
-0.7468435170960332
0.20691018691847213
-0.6730245769070039
0.07446594568622018
2.2176313981857927
-1.7647227572398039
-1.0241993055664127
0.23353290210934016
-0.06058362476604399
-0.33693484964717324
0.7290086152914182
-1.3411635302484006
-0.6991851491446572
0.15580006224912782
0.6130500527604582
-0.9787144474053577
-0.6853771886938644
0.6278331002326524
1.0860988626282702
-0.37895507318388644
0.24274614317408613
0.4947509896158773
-1.4610973897483157
0.7149111730576863
-0.7316917108287104
0.02117578833135483
0.7309265178949093
0.48886126571302607
-1.0628957385475442
-0.11973940527036463
-2.1131244510389213
-0.39985288444008016
-1.0437052500220958
-0.5563385077973723
0.8785401108182688
-1.614425132800123
-0.934015940504594
-1.1428003925161807
0.25230203870944234
1.2978479053349112
0.7209036901915392
-0.820187921917224
1.0710093839470605
0.9427721341719859
-1.6572912864486016
-1.934006199007418
-1.3142499281844455
