-0.2504799660519456
-0.8588142321069522
0.25372473545390595
1.9362812871071804
-0.2909403821545834
0.12278062147014805
0.032888385483596745
-0.449810445045005
0.2046435354407274
1.235336817660626
0.24650561357295622
0.22322862039453847
0.07195457226230678
-1.3877467415488227
-0.1025626656298867
1.6058566532504452
1.463652486088888
1.560059324310702
0.5578262574760899
0.5611534610055765
0.6249762107625001
-0.3899557952452004
-1.038740291930882
0.318774821334165
-1.0468806520258929
-0.03332050420794843
1.2277092920040107
-0.35637467344674906
0.22967834410433988
0.743180074340004
0.5715063416971246
2.089353210373414
0.04216124463770736
1.392114218896705
-0.6551233019998908
0.782506301669583
-0.24983408153885672
1.844036663993726
-0.48335025812796883
-0.6650892946562548
-0.37424050502492723
-1.0671978427104811
0.15136518976496285
0.3101168403189894
-0.4226629368529821
1.7271417158656623
0.14745160753014225
-0.4970294468781962
-0.5718979317179265
1.6798145496857335
-0.08802807696044758
0.6601069740377287
-0.24876765520422353
1.2910469894949146
1.757303249469729
-0.30946057943134386
-0.05783135828674706
0.9475552101882296
-0.16059972069686348
-0.712584137196151
0.4730502663414204
-0.4353356430277572
-0.2944116714073291
-0.6398449451069086
0.4172022311572535
-0.005975000421589635
0.0010054988220096102
0.3154394642542658
-0.42685510567607543
1.1049768755826297
-0.6035161817070136
-0.9826598196280951
0.593924948729018
-0.3419352766146619
1.3652130349128238
0.8320601390101762
1.2698979684494522
-1.8093607500621214
1.5076505589156854
1.8038418470475788
1.1358705527114612
-0.2877379193992318
0.14639739170482474
0.17705370354401684
-0.3978914163438035
-0.09663077905052854
-0.7050918239339767
-2.5920552051665573
-0.24091426798411647
1.5292292401776424
-0.5357608912604742
1.0298054435474873
0.6187393525208182
1.2369076155270222
0.4968897138364454
1.1126594581081413
0.5783714892018911
-0.3112803661141354
-0.10229852638104658
-0.6770622819077323
-0.5426152274852727
-1.997370924666732
0.834634957076283
1.0284647229667585
-1.6660354792480907
-1.2310659446804957
2.055961599783313
1.7875431771769075
1.1133751363649638
1.8113920606261347
0.17219994155172463
-1.3258032807217304
0.8251504714050074
-1.534220955782162
-0.1456629047866835
-0.6862676760468442
0.020954216322698015
-0.686772606789558
-0.029065151337326792
0.43216616316683104
0.5748223058883919
1.9309076699928565
-0.2478234827925502
1.0795531430893854
0.5985338358859663
-0.5947851554549599
-0.9899551271623486
-0.7578017350236447
0.0019999335324157874
-1.2642291176043263
0.6646194052890556
0.44438277311066454
-0.9903015676722955
0.594928470202689
1.7807199550930086
-0.8744603297253702
-0.8078657732975915
-1.4844678539682625
1.1301404351717663
-1.1904365858097257
0.7476430492399238
-0.8839428892444618
0.24698051207168126
-0.04116929396825373
-0.5251000457079356
0.7951051393840446
-0.7294815967933987
0.8289654608992528
-0.2782733639119227
-1.6301403312537919
0.6627078578376042
-0.28482516519512924
0.4327373412892596
0.9532243455875091
-1.2451532859661165
-0.45493998697371524
-2.4094593112870397
-2.0323753071926767
-0.8749670895314998
0.7643361934822023
-2.0042182351369173
-1.542243381170259
-1.3237303744788782
-0.9955584194000707
-1.2699811512595327
-0.7939970016915997
0.11311386971560357
-0.3866247950636911
0.530999355012021
-1.6779112282049125
-0.1001076470889249
0.646612776001214
-0.17649180896244338
0.5659956832282379
-0.3515393934876568
-0.8379804130027734
-0.3825446065666696
-1.7502204952254574
0.017307644266697064
-2.0666432644763684
0.3893651804631853
-0.41743459013231293
0.2623973191951725
-0.30740567510608957
-1.0934937511081515
1.1496489602304736
-1.9355559518035075
-1.0072583945722
-0.3695668398247413
-0.5986958621214353
-1.6923137960293329
1.393860664283225
-0.2859162371370676
-1.1195849863388763
1.6252959994587135
1.8110682537502054
