0.5505235569950596
-0.8026456850920537
-1.7298705480023602
-1.009393756092259
0.016583941954295998
0.437152872027457
0.3590741107677282
0.2866019982678075
-0.4437087140760647
0.21890671954764548
-0.2790845057777383
-0.32425281608439166
1.4704997947752179
0.4440643927209844
-1.2573786207454556
-1.6227962158781792
-0.20950914450359148
-1.2267997116001481
-1.1168535006956584
0.7134674362805326
0.7801712165680558
-0.6807074720954712
1.4176109377909694
0.6069171025907439
1.2722542147267548
0.9994961911395809
0.9835152676397957
0.6678930844756142
-1.1103066277479954
-0.7521065733721309
-1.6345798919333236
-0.4063830123711622
-0.5551978622349213
0.49146891848482294
-1.4946834816265957
-0.023221870567269935
1.1263999454977751
-0.9735478809724958
-0.5795953159595374
-0.28585104834668895
1.3273974547893577
-0.2898856565952576
-0.2481956088303437
-0.8603255761370641
-0.2803870132491752
1.2026927503928575
0.5625404086571968
0.9715842723773808
-0.20697855978974508
-0.7673882951319821
-0.959911143918595
-2.8389399945522333
-2.044258339056429
-2.2132378573277
0.3787563843714226
-1.6528032533117405
0.9270095656793254
-0.7185441406457137
0.8910453571567023
-0.4565779231503694
1.49590191470241
-0.3389353110155082
0.5376265421629063
0.34038887756520736
0.7652118632596153
-0.7003062803532424
0.222066962958221
-0.09554055335350178
1.6461616958320247
0.45986610924512494
-1.7707662186492286
-2.5650181714137275
-0.5701900460552373
0.11243586898743967
-0.4930924052310644
-1.1104964810399378
0.5368839498010758
-1.542441169175483
-1.6020919176777968
-1.4878659516889157
-0.22134171933539099
-0.5457873729986263
0.9461167669883584
1.6603773565072315
-0.7560422679817278
-0.26911039765971684
-0.6180597196201424
-0.04559346166484253
0.8770133876232163
0.06532054762988362
0.45132939712412007
-0.39879741950345426
0.6570507195789664
-0.18317690098566763
1.6042649240402587
0.11468852192078895
1.3282450557368077
0.5219052754872249
0.4313028504209343
1.0088152565169088
-0.5398493379173769
-0.46918744566336135
1.3949476565649592
-1.0872662395918522
-1.4199297490854714
1.3631126636387312
0.42395127974815716
1.51782301251157
-0.0061845364806618645
-0.6400635074939265
0.45452919856981366
0.6944047028669643
1.5351575398578219
-0.058103729923322085
-1.2969828801197651
0.07740704184007313
0.8163512077469997
-0.6613871925583756
-0.23324637062052847
-0.22389758404055596
0.8990396386524603
-0.08284625370458706
-1.0442030353534548
0.5104251939988724
2.305710540820009
-0.09595251993728493
-0.2553738118277022
-0.27966901765264507
0.8210449516686837
-1.240328252378062
0.4429689534686707
1.1886922871860282
-1.6110063798434289
-0.8006738215420847
-0.80779583400352
-0.3426488777717135
0.9650404456616081
2.059829940260503
1.7821216419303836
-1.1929204534315967
0.6644418351735066
0.4632678482408976
1.799625092735658
-0.056948750790882366
-1.7041212957502496
0.27088223001054557
-0.3649461226561181
-0.3870060088563682
0.9025683117463521
0.5161824870714817
-0.5835284465257201
0.0008436286707346482
0.9811732125256676
-0.10946394885902318
1.338838122700608
-0.01623523693671837
0.17640406774266237
0.41563624492297635
-1.220848817800415
1.0866453873372979
1.5847079571117992
-1.5195343203739065
-1.1726964645031774
0.2174019189793524
1.2237633612207637
1.290379392135278
0.5193993004669171
1.7921950702641258
-0.09720398844832451
-0.34626847356333423
1.2340692163388227
-0.7314853911875316
1.3889564929977585
0.450166651897705
-1.37951328132008
-0.45445990098603556
-0.522769972301165
0.4360256088861197
0.10135611973721743
0.7492380683464075
-0.4137880989375745
-0.3293068442450222
0.21069884428048696
-1.0223980600027078
0.7980618209214043
0.566803821254114
1.347650840314549
-1.3789345674602933
-1.6292160616112124
-2.0387005555664195
1.277975844258602
0.4430026295481931
0.5097494666800236
0.8329856086331014
1.0298390258928418
-1.5206423433014418
