-0.12954649403960422
-1.9014959525938064
-0.6076694852616885
-0.2583411347123807
-0.0026412013820111455
0.8189685613127575
-1.0953885530674212
-1.0008923924756001
-0.052640000693651705
-1.3996556275038325
-0.11155302944669993
1.2451789932815283
-0.34627015800823496
0.4671179282946265
-0.6564146943544216
0.08097619232227693
-1.6775210153222921
0.5129875985068167
-1.740630638653288
-1.5684749886936773
-1.1054471181765058
-1.0673677662557597
-0.8007822156235568
1.3449083461406117
-0.81675696936786
-0.12868451895972458
-1.332999804992863
0.1328581061764818
-0.7142522745857673
-0.6598789055523352
0.21438071317498952
-1.448761407959953
-0.06912345138365676
-0.974153339347268
-0.8194501007245452
-0.10291233055426247
0.2692841650044618
0.746980918652921
-0.08341833017091277
2.011797754505741
0.1977891291362034
-1.607251903225365
-1.4021673654660596
-1.0729633678845003
1.2726931105504762
0.004848829091796178
-0.4222150659987554
-1.9445717710324366
-0.2795461956017307
-0.2861467976823319
-0.4500134052939191
0.03566479258105085
-0.7216952045854281
1.1332865330087805
1.4534217609674753
0.04404773190018077
-0.23546357280477112
-2.151775879745354
-0.6317201510845187
0.024443559431025393
-0.2957545477115564
1.1002566177724367
0.49323155730274076
-1.0853765178552592
-0.1941238556009717
1.1681301523184484
0.4002638557353089
-0.8024576986476503
0.2407246511462337
1.2411446800329289
0.5818369517669647
-0.7586836332018121
1.1293258419020253
-1.766535195038544
0.5385271593664018
0.6116512414988674
1.3441357793302389
2.0014648122745355
1.8598094076660332
-0.43140722449077124
0.6775701212336083
0.667460281414735
2.0110493723636877
0.11512477644189216
-0.5415724445415561
-0.8989718734407199
0.6521740969595925
0.4873251002071314
-0.3246913060772977
1.2941423516650767
0.40206440539494404
2.3553938347725705
0.36246127031283926
-0.33968958930253446
0.4277593735431604
0.16260689162831532
0.15312063378979365
-0.888198812746057
0.9857850134069494
0.6384517631921953
1.4251603569689815
-1.546660534013998
0.6297699706832803
0.7355391382679176
0.8511904469686167
1.0604754915861547
-0.9867850401328133
0.9243216827908082
0.9043340634038262
-0.7296126808006924
0.28639341229283144
1.8902062365618761
-0.09493635104265633
1.4185907062883327
-0.30246920083614065
-0.5736831464862756
-0.027348554611603692
1.5736733935107725
0.1933673603005206
1.3011695602377125
-0.16840673513243148
-1.526745079267058
-0.07864357436108427
-0.5274942181121844
0.17983971814916394
0.47677864666503844
-0.9566797811744385
-0.849208365044755
-1.7886465933567948
-0.48315822017958826
-0.9738740905535314
0.6498563613062618
-1.079067804319052
-1.3867897208464197
0.197607790922592
-0.40670399575341004
-0.8050359445082114
-0.26318928583153733
0.771246538080649
-0.034743903681528944
-0.8773490922576137
-0.8443010544153894
-0.353909025443751
0.36155339759447375
0.1818471265857279
1.401293800427421
-0.3097905018990736
0.8698386583277121
-0.18219500056583143
0.3390177152166289
0.350310014590187
-1.0954899870193557
-0.12285074773992836
0.24688400415995113
-2.1147087267042313
-1.5463185326500988
-0.5403079590202836
1.5881638821068198
-0.27244502849258184
-0.7871966721529554
1.9891923822168172
1.1865809096305384
1.9406273321235885
-0.23340880395724503
-1.8054199467188252
-0.716715395330468
-1.200562937238198
0.17121133465870142
0.0731191104796824
-1.9025949854405249
0.5850274512663218
-0.03812417001269956
0.15408518928274847
-1.1861725422852958
0.7620878259951017
0.35261843231054085
0.08920669748284024
1.3547579809025476
0.0253785419018561
1.3600403938278711
0.1690849005290882
1.6239311456438106
-1.407610359704651
-0.2838999614734297
-0.9496685589984276
1.6707732787825411
0.5107182344218887
-0.5189581180703632
-0.8995987142177247
1.6466767540665597
0.15812292326723834
1.744901884952829
1.8362267082803017
-1.219580612530263
1.2564406226776168
1.6213113061337285
