-1.1638023854945148
-0.2186518740245578
0.4217173487546035
0.16575241643776964
-0.12118520899429398
0.6458608785956014
1.434404697199306
-0.014300064162888742
0.6529557357075977
0.7692456242610775
-0.7243656144531142
0.13743946342548896
-1.5279945620984512
-0.13861883115785795
-0.750056250609118
-1.9229684434671306
-0.2334431594471351
-1.270893037139827
-0.1782885467343501
-0.10778967935758318
0.6429810779131008
0.13554361883338348
1.293664923170445
-0.07745999571833571
-0.34682426952788553
-0.5698204985898511
-1.292175574721283
0.6326325630004834
-1.7491170259257363
-0.1700343346373628
1.3512255910316113
0.06712761503306733
-1.312869241087997
-0.07711367133294574
-1.0948955810185712
0.3254302251174492
1.9912644504608532
-0.28314560233281777
0.16255353267617992
-0.6699970519816599
-2.379531499132568
-0.5823528057746248
-1.1651481649099662
1.444939348869955
0.6159081351953397
-1.1472202329406012
-0.5514999442133345
-0.4944910421628844
0.7178206747837179
0.4748908036404614
0.5255533450713771
-0.20325515251700232
-0.3232958107370683
-1.7670737109681485
-1.931865741201568
-2.0288057483832542
1.8601306282019356
0.7515661901439037
1.2001795294650983
-0.010303250539279902
0.2697676418452068
0.14921061828711643
0.5011019490578499
-0.29867225723098856
-0.24425748720303966
0.7746642783616737
0.4523216314281762
0.009833444131995939
-2.5044456334762706
-0.41523012612785193
1.9387995242073246
0.6536438053601678
1.4821140207716523
1.733798502528208
-1.425226817944604
-1.566833894229139
0.2831440338883757
0.012206200721677392
1.3110348464515924
-0.622025992597451
-0.05325641515192593
0.3076980037062461
-1.7824463443587488
-0.31184984665266646
0.3807369621104303
0.891319528887626
-0.37027785573171734
0.48253085714445443
-0.5906181919336416
0.2183506064458292
-0.5126981095412009
-0.4088668404055814
-0.5332626990876669
0.4588881512898438
0.8593417712400647
-0.18301070934858452
-1.1868988358429924
-0.06324567661460995
0.48516920608148184
1.3331110012763723
1.9223099020087195
2.559091986439137
0.9832780515908653
1.0412977440336464
-1.3626905942751892
-2.086689823902108
-1.2078458236001959
-0.4706221580131885
0.6202040237828191
0.6319853696395318
-1.622632420901697
-1.3913411326312424
1.1236799697266782
0.33665687962556173
2.6448328465363673
0.4774222816511292
1.8805511982230394
-0.3509284127489593
-0.38364685828231465
0.23926300323098637
-1.502185406153142
-0.1388114532340913
0.21586495968555358
0.13603809930921953
1.2337962262841242
-0.5854656406054407
-1.1258655617600888
1.3388873548985225
1.650881745629074
0.2861219686660675
-0.1047377946087258
-1.0849672725990942
-1.1570067827850026
-0.04908460073101124
0.4598853058719659
-0.9476784635535362
-0.9537315984978012
-0.5566407633426705
0.45625630551228796
-0.022622776375304424
-0.23097674430595172
0.7974398090031632
1.9719183908722364
0.9682844540426954
0.36575770846622274
0.1659930229901143
-1.1103410698836027
-0.6229336887818276
1.7575527591751006
-0.06272003666640223
0.7310807838212964
-0.37473224846339037
-0.449651243088065
-0.21188028288233432
-1.12656973169067
-0.8964783308789783
-0.608117293484925
-0.8273149819336932
-0.6372840038962916
-0.47614992100914694
-0.03535489881333537
0.5601929143861796
1.008853149523569
1.771100936547329
1.2780676119669823
1.8360312318651204
1.588845720104896
-1.452269073018532
0.30604299393078577
0.21680500148352352
-0.8147261689879918
0.20477616248396135
0.19807980355451615
0.53818462800417
1.5278354733552497
0.29879934789765084
1.8152911925491795
-0.47043738989477624
-1.2023521353207622
-0.19269548104301523
0.0021031456896277714
0.34257392650225565
0.09515069522440868
0.40305970544250713
-0.13716915908413785
0.2612626584178391
-0.4701971723476859
0.419778830883886
-1.4551830234782421
-1.6312933620107855
0.17011784453163808
-1.540098876965624
-0.20762189139273163
0.685599113094038
1.0997771555021878
-1.0107155069727838
