-0.04495489438727493
-0.9875844572169163
-0.07044478981408762
0.6505750399978382
0.4574944252726069
-0.638334551306533
0.04306058621297249
-0.917773273044858
0.24904565476658713
0.1593466954192035
0.7176274528843948
-0.03724240801749746
-0.06058987072365695
-0.700006527228686
-0.13503693580275172
-1.6850089363967378
-1.8988487681341766
0.605139963339076
-0.6090048483362538
-1.5422550751565336
-1.2820542923169587
0.11463825097132577
-0.12993655984185595
-0.773223799685796
-0.2424993895839139
1.4412040307169496
0.11867203485428045
-0.7461695348267035
0.37870036869657053
-1.1190848460501028
-0.37607952130998135
-0.5688920102415851
-0.5913428554048659
-0.012644113557066676
-0.06219255999716123
-1.7725969732284994
0.6597470797986239
0.40125218457502876
-0.052018140053801454
1.0370257702753019
0.6786942246808361
1.4178581611107646
1.7223711858001045
-0.4585100188912902
0.6467267505144442
-1.0062256489359183
-1.2849186783634041
-1.982700351786876
-2.3840973706461006
-1.336720744290163
-1.8936786539437749
-1.3772615064727938
-0.43737437727235584
-0.16428254406843848
0.5129306595587362
0.9530004876144238
0.018667029549726707
1.3719521257400202
-0.48342214831439734
1.66020074170224
-0.03379889148039702
-0.9645599944782608
0.04882864633693121
-1.2255529823990532
-0.07585995499599081
-2.725591538794502
-0.40207153231131904
0.908183817363679
0.377115171327925
1.3617639851231336
-1.8220153123909317
-0.6639629948842762
-1.840074387075513
0.8398022019722964
-1.5332987989860074
-0.651723350011125
0.2400590606252716
1.0264371858316739
0.1564919316752639
-1.6974430921828583
-1.893614933517153
-0.18825376462621257
1.3665289572998434
-1.3241191262998906
0.17028204351803308
-0.020088848707636053
0.08870699920919572
1.8671053991112483
-0.29858999458182994
-1.1842621970825076
0.15244456423560235
-0.1482994327709224
-0.4827540269577352
0.8509790081736959
-0.06018273216166983
-1.7507448607609497
0.7387946226906713
-0.7157830598992369
1.0462228394374191
0.41146034124818953
-0.3715398733351955
1.0168058130833808
0.8079486810893852
0.6865849191096766
-1.2275015030591754
-0.3513814489085126
0.8125509006268846
-0.4323417590493876
-0.04168609973680551
-1.6144383238258848
1.015734741635466
-0.5331312838158205
-0.14735143867924622
-1.0000591816874014
0.5467266051998027
0.5196618755789075
0.20409077619073712
1.009183408617729
0.20138721944475255
0.35793791344179265
0.16439448898322315
0.6004974050499551
-0.5898289030131103
0.9442145347962935
0.06737941420577738
-0.3091691299476565
1.6963255391054886
-0.7200424744694903
0.39638866388375255
1.8509814880176934
2.5770762981760886
1.3237055794571655
0.8391139822349856
-0.905348651344918
-0.7780542205826121
0.6968755041738095
0.6765625927995487
-0.26217336295837174
-0.42112777379383304
-1.4603480928404482
0.5211227844669543
0.9003351890639205
0.531755020182942
2.823698377635288
0.12732699534514189
-0.15862998523633837
0.39056376362740935
-1.4499331971490605
-0.34712167724213494
-0.6835329289302541
0.46911907383614015
1.630262136992802
-0.0780752024507846
-0.23618115449839577
2.1883612450547956
1.4389699197260846
1.2715556444471754
1.4908549897361711
-0.574009922265084
0.7634156081885811
-0.9410493513046386
-1.7943201573751226
0.9296720468297123
0.8029726464356557
1.2898760920706456
1.0835662661624095
1.7198940599722683
-1.486233926969418
-0.3210686949911877
-0.12746728857136638
-0.1964735667856404
0.06640241746959695
0.0036788020937747194
0.6161502292654915
-0.4410090838930238
-1.834605440254361
0.15583948200656933
0.07686276723566642
0.8976766909462419
1.24544528431227
0.4160988335192755
1.0037035579591773
0.7286818243739537
-0.11641065243527193
-0.5215752910833504
-0.10759904829677601
0.00437862755149506
1.5450022892174389
0.0031682539304247583
-0.8136436802628393
0.7793398311076465
-1.3633275155220665
0.9911444335160309
-0.9369166216234323
1.4231738914260634
0.2530305903545784
