-0.13194248700533615
1.3561036939773052
-0.016190947298891412
-2.3599572050147826
-0.008195995803632845
-2.155762598307971
-0.02657106618283422
0.0482044619553689
0.05915181551791693
-0.7733260622197029
-0.03324798756686514
0.12055987121443856
-0.022519581080033747
-1.785281273291006
1.063497592368534
1.4219361534222488
-0.9102477541128257
-1.1103697473965368
1.0485987325910253
-0.6595920201055302
-0.654906105900344
-0.9922445195746272
-0.5688135058452509
0.0821524427701457
-0.12249031540053798
-0.6814720853963268
0.5423249656428952
-0.8528249512959828
0.04914480710646015
1.816050462455851
0.1430869513228358
1.3811680698029016
0.011079412884054363
-0.8800305599714148
-0.11692380001939051
0.8193635666849446
-0.1893344649249738
-1.3824910202251635
0.09064934263142668
0.5913041260012868
-0.07334263653983888
-2.0001941442530726
0.37577833986760667
1.8640787154125384
1.3099733366621187
0.13576747752406992
-1.143103782562586
0.44874497227282
0.536413025031658
-1.6946093233836566
-0.010372284063401615
1.8075918180257315
1.64480757024019
1.4438856417497627
-1.0813346099956909
-1.499161626441458
-0.14087924288637904
-1.6422453755276332
-0.010533654552687524
-0.6716039615418395
0.18192358749363896
1.4469908924338384
-0.0006913931931010269
0.33864650585574835
0.12524055077364063
1.712841650195014
-0.02053416767279936
1.676415963660974
0.0675493418352279
-0.40964383636917495
0.34094582409199886
-1.0438651356228508
-2.3134906202190355
-0.2143262738723935
-0.26894435828745544
-0.4351343917750443
-1.0564205220041383
0.7637751870099037
0.2987885726996452
0.17561485090444381
1.4924413337009577
1.3217750485466542
1.072309225991969
-0.24253656883580418
0.09951366088058673
-0.8407025289096646
-0.039518382435242354
1.1299297858053594
-0.15113832690745221
-1.8490584826655003
-0.2227481822122619
-0.09209509919115529
0.1559729987841727
1.73726031400835
-0.17483251205096687
1.6993178024034612
-0.13664140032827476
-0.6871606698407309
1.4729727397243477
-1.7084482965689844
-0.5987696665833786
-1.5442829003857528
0.45071642943889023
-1.7819176009947058
-0.021028450771074375
-0.0796630925166962
-0.8823581586215217
0.8643445287412502
0.3372344366180107
0.2466220989607771
1.7499705843479048
1.1841658157463497
0.03491566332914075
-0.5034428652943811
-0.039149163784025824
-1.5499388678915047
0.020784942509273714
0.16861346535667518
-0.02506307731733081
0.7875133979156823
0.08029919913647802
1.1716835809211432
-0.05135288546369164
0.17936123833756398
0.12567600891825545
0.33887615416027184
-0.005456020096213946
-0.387888492982801
-1.3339769182392074
-1.660042991190138
1.4606152409031246
-0.6887047798877746
-1.9463728476518385
0.4490732678285329
1.9236941689448748
-0.5202049960163834
-1.2279630563023822
-1.5883811590599757
0.8623154289201689
-1.0106554990745242
0.15278659465354544
0.2934988796416227
0.12770660000504877
1.440453831798601
0.18852606508063208
1.6400509574738364
0.1914707518976097
1.9839624418619217
0.1513267754484674
0.6420951993309967
0.23560547059263237
-1.4752641594527527
0.08881045285757772
0.15860269991973203
-1.7469472786724607
-0.7127778931975493
0.35351919023953193
2.108213196812885
1.3431116456787753
-0.07075072394326737
1.2378580829539456
1.1779518437189236
-1.0704592551700645
-0.37805173519262253
0.810060030871012
-0.5707671346544134
0.6293923707383263
-0.8644526423839501
-0.17787167890017827
0.9560651105231087
-0.01813478502547249
-1.2778861485735231
0.17195802689304393
2.1093543735504254
-0.0043616397333034835
-0.9531805236727768
0.0852564976363783
-1.8080669436815646
-0.04171230890978314
-1.4727691355717423
-0.24236400854673648
0.2182963038258248
1.6487803896220155
0.012665945940996766
0.13983002632396735
-0.9402629707511553
0.8200996343582279
0.8616566689396724
0.17627898625392843
-1.1443070677640734
1.380026484185895
0.398432863402752
0.20880347328889964
-0.3347606324717912
-0.9782842674307906
-2.0605324508156477
