-1.3086346184604065
0.10008618045466906
-1.5307135275242862
-0.10910444683810343
0.2497254875774319
-0.8864883102707326
-1.0086475119543836
-0.09607115730178702
-1.0392100055219924
-0.605976061060819
-0.5440516462139402
0.07056761674805087
1.099723710631585
0.7430754311932609
-1.249844628744255
-1.3776371549140858
-0.05273772886029178
-1.9173094285288108
-0.9862812160211948
-0.8763261032748227
-1.621671821553536
-0.7915637024178523
-1.6128618788240734
-1.6438290939752425
1.7257008473121218
-1.4339641365467817
-0.702788693159123
-1.1252499837702392
-0.10236181147746051
-0.8157741473820918
-0.9361004651626533
-0.6627114570998317
-1.1780012309293268
-0.20699513196510758
0.908655398045269
0.44852105187934543
-0.035258005185078684
0.717248620867452
2.4988703495577824
-0.0029292770043462877
0.22475620368303556
0.2506028194325357
-1.5598088570876714
1.309641543159934
1.1356642406601078
0.27153232702183167
-0.3740277564010386
-0.016032233967464043
1.2971012313482488
-0.6624583022735101
0.6848606297370873
1.2698888331524933
0.8863354638107385
0.41629172496507844
0.327257662518749
2.1619352868756136
0.06925896251449312
-0.42438545582280407
1.9745022332408457
0.14938431330813257
-0.3136297231739046
0.8222429147963439
1.2555254970142558
0.321221943397843
1.17736274668318
0.6531577501557023
-1.0041943396971782
0.01998351272139745
-0.9339943376045995
0.5333323827704214
-0.1736718535054729
0.7022347566192821
0.9470478389573938
1.763678667802732
-0.22143410500504085
2.5267339551477503
2.0306462290752463
1.006594000216194
1.2898039368463112
0.8285106739798321
1.2323422487862963
-0.7572900415765441
-0.32276711989622825
-0.6617044304411251
0.36259110557452007
-0.6437022993059167
0.13930276373676284
0.7163816640699163
1.5787433003418325
0.771750595791679
2.517991845142282
-0.061365668696189736
-0.47851767760497216
0.05246572659227239
1.0853515170211658
0.5024288143146454
1.231246604236817
0.25827966968318544
-0.7882947623199552
-0.49280776916017716
0.6862847171515208
0.6133129310899035
1.2104658548603198
1.0007131994232483
1.847202485122757
0.38838805220902983
-0.7736583781899079
0.11626794059536137
0.5142032612122877
-0.8130254113577305
1.6468265253635217
-0.6208919937433737
0.6362111279718631
-0.3682513793500226
-0.7152069200811819
-0.026005473064620963
-0.9232917767284712
0.8200954720028093
2.201855932825727
-0.04996030131786006
-1.7092696872350477
-0.4369164804498394
-0.546978617822658
-0.23290415239361578
0.9685414268692525
-0.738830931099016
-1.347702876531386
-0.5708660700980976
-1.5454541248416112
-0.24753697373040387
-0.7176893674420808
-0.9468926820758956
1.4397129517173655
0.05802551887879519
-1.092728298871003
1.3606782183363548
1.4949646338999047
2.301184974432566
0.5879789052459268
-0.31951591470134305
-0.9711467373211902
-0.40249802716144256
-0.8295322998324339
-0.058604426068824676
-1.8919298342398283
-0.33471934858221175
-0.9428452407239211
-0.2768679206783299
-0.9889672272673194
0.5682082723811005
-0.7351595514686337
0.5585830632801067
-0.8641411205176917
0.10041355940192156
-0.4668644354995358
1.4694162243896067
0.513639682900599
1.370736877903258
-1.4206388128857477
-0.2996145351064167
0.25525577322215043
-0.653879447065711
1.3783040797522002
-0.23666312960555616
-0.9830645766133029
-1.0988267694668472
-0.17082237728168437
-1.3849553340080036
-0.025563380264210855
0.3929909508133035
0.9503151136668921
-0.053073444840687455
-1.0575446994265114
-0.5249230452342037
-0.9354497367016362
0.4144953476995068
-1.09480586276512
0.09716884159038601
-1.2118295994681807
0.21822060230353332
-1.131166580077273
0.310139812627357
-0.7234170020415088
-0.3631743659064277
-1.4906819867159469
-2.080116298266108
-1.684052838803482
0.622689637662963
1.2265035013976864
-0.7784541027076519
-0.1535503593582705
0.6857433819894826
0.8909559176192237
-1.0911934317994296
0.9215351450988237
0.34912606629910814
