-0.17902161538502018
-1.9157178876171976
-0.5881397735052449
-0.9148953972449276
-0.631952951917804
-1.5429495158290647
-1.1262990614017343
-1.9996696339159143
-0.036382596526472265
1.1062326554213375
0.7608977216477788
-0.012995308189171356
-0.14013144142113929
2.034257525208
0.2062690477608259
-1.3060867126245896
-0.6958707058305693
0.44887335920562
0.4030916654202452
-1.04347510181356
-1.0439620328333628
-0.8193158504581911
1.8426035836047043
1.3477377266428812
-0.0847719006239708
1.5585763726018798
1.6553596564107624
1.7056446636762506
-0.6404100096078423
-1.806528290002767
-1.157779520995139
-0.37574074289520787
-1.3809829050824927
-0.8226632621347464
-0.8993609884498607
-1.0646916486290319
-0.1754542641095005
-1.5971509702536124
0.6085884020197091
0.7509925270064841
0.6136684957487066
2.395623166767327
-1.4817846024332462
0.9771227654972208
0.6308596069287298
-1.3414809513204733
-2.1632510887615717
-0.09152547597497002
-0.11289942063954715
-1.5257931022601896
-1.9743205585023538
-1.6435229511009741
0.30047386740977117
-0.9544579047325317
1.0174258776702514
-0.12008536620290196
-0.039932976751320404
-0.20195359826178472
-1.0937703031872172
0.3993791815683732
-0.4313504998485722
-1.8948153621490913
0.32928149220894815
-1.3257924164101067
-0.5126354639479136
-0.5360194190642943
0.13701693149748723
-2.058293982528507
-0.4339607143959342
-1.6418162742002145
-1.7362394584406244
-0.5767248340170236
0.1624115337462231
-0.41313205209798654
-0.5901158719986194
-1.1541784404923436
0.12811848484103158
0.2652514828598572
1.239698344689575
0.6865089152854881
-1.3237218303556362
-0.322927059910007
1.0079025095335215
0.137318497009622
0.6678488404997686
1.5383008367150437
-0.41631607470236914
-0.9020689134871538
-0.1353470518313572
0.5313410176030396
0.1704956248784669
0.5721937291108937
0.6257988422341214
1.0127389496602357
0.5037015250259467
-0.2697202517543425
-0.5692271501776313
1.1848282959199137
-0.5716594534479219
0.8487869097406434
1.4986073635614248
-0.7717249876243111
0.48050395260632917
0.7143462419335216
0.6360585112018131
-0.22997460454146212
1.0229409094571635
0.09292385209386043
0.42040866244081815
0.9030696086446413
-0.845031637065806
-1.494603582389975
0.06178414466037969
0.4686153512691459
0.0571866073169582
1.5298736395366397
-0.12391327429865585
1.0726063945312478
0.08410477745781342
-0.007978920112105454
-0.01128137305179719
1.3029043784235332
0.6544548459331566
0.8842494234847886
0.22409481917516283
-0.7540160877011103
0.56527936224353
-1.157358672545485
-0.6804626819601606
0.7187788177946042
0.06448261486596836
-1.0537499536765744
0.13232108628254294
0.05338219047349158
1.5252518398710802
1.223039913424462
1.850424130778173
1.7395502046006845
0.683326537683575
-1.1493916716673758
0.6124382741667767
-1.3490193809226547
0.277558441790027
1.1276195871891987
0.04949013103237793
-1.0684244718282485
-0.5922911128865163
0.5256055492074048
0.02571500396894616
0.29289607012638746
-0.500129896161276
-1.394979792893399
0.8504338416510049
-0.24435024549494758
-1.2814559151884493
-0.7313098172724413
1.9476196769621412
0.9652950435740523
0.37908620259213205
1.1786219894179302
1.7079333083020953
1.840558412448047
0.2130535234147543
1.6510693833477639
1.1645305886249329
-1.426845042072317
-1.6811517468470853
0.04041352089520149
0.4872941234541951
0.9638211624918728
0.3661204557731449
1.3767854261958947
0.18263121486092254
1.083557480989426
0.7718940787956232
-0.04344608233013348
0.27392795350752847
-0.6292818450054476
0.5062457817925529
-0.8290843822852834
-0.03402692413199505
-0.053982826833874696
-1.3240403367541462
-1.3766757512752754
-1.0026142377212803
1.108955255814566
0.03795715269709375
0.4531864138900776
1.0278364863693343
1.1226555165520358
-0.9199761900837973
0.30183818110506866
0.7342373353118241
0.6065070922742328
1.2075689882182987
-1.314935052519811
