-0.3389870229028704
-0.00590101979989157
0.9366471503625065
0.3406351129551901
-1.195933184585354
0.1964503672831049
1.4861643616708975
-0.05278310862502145
0.36803479514211523
0.4780511782425304
-1.6051999512705584
0.25658240960815426
-0.49064391966310605
-0.5799803901216988
0.6604283089028721
-0.41375965511535007
1.0965042734337571
-0.1359123109133629
-0.8297064410719949
0.3223862033707077
0.6189351727604679
-0.7741577543725263
1.36725417890442
-0.6721146900939705
-0.5540844024502918
-1.1316188243648664
-0.30607808813028986
-1.4333023779587255
-1.3038021939071076
-0.6217181149459897
-0.8849551023656564
0.29614229025627714
-1.0497484639779722
0.8891951270668367
-0.5128159444648713
1.0216112523373058
-0.5227748373703484
-0.08054687407830735
-1.0225165295767937
-0.5679298746082652
-0.31819013129514656
0.31760685900190233
1.3984969620763796
2.3975331623621696
1.3923355542147275
1.8601012243511261
1.1109915830350674
1.3583341690967403
2.157218590959289
-0.4041430836285851
1.0042272363597147
-1.1240811318896344
0.33170749833986246
-0.8395714111284176
1.7012913047637528
1.569449903233562
1.8538156970468522
0.8747756324571518
1.6295510353407532
0.013568906115028112
0.9455092432144471
-0.06346934964602843
1.1043832546512604
-0.29553763517759213
0.573118930092305
0.3458339090689019
1.0948003184294781
0.30738123812584894
-0.13274634054000325
0.5231247138181383
2.266383953620501
1.27076949253602
1.3676419122754837
1.1562481418913428
1.9440284042524028
0.09730024125479526
-1.6880984798631626
-0.9163800766179387
-0.14010522161329395
1.3200030443028101
0.7489106380961318
-0.8053334503516877
-0.4739837237867899
0.016400375026849073
1.0529361127541705
0.3618493502569071
1.0048934806683274
0.2500208408771353
0.4091834586669911
0.7270750053138039
-0.9551210282052626
-0.8657080114262281
-1.3927552834930126
-0.5975982083741959
-1.3512426935118989
-0.46935650699201426
-0.4326346192466782
-0.7739683930343485
-1.2885577591083284
-0.49292518259434825
-0.21189553233619102
1.0523388909665263
-0.026877505203072072
-1.6301920959786345
-1.4338796075890705
-0.30233444106505625
-0.13531857619701568
-0.0529849326531136
-1.9347008340272636
-2.88762971256126
-2.0172033693595433
-2.280489684979584
-0.3565021686934652
0.5765700809163613
-1.1615855310975753
0.016012879726716087
1.0671456806015103
0.6003631639778192
-0.5121507319135945
-0.20824768036258362
-0.057670651121469095
0.46200546056999553
-0.3087518400663436
-0.043357042416755635
0.2281776158053977
-0.028932707803798596
-1.7476562671971487
-0.8650096765168442
-0.7745250372442448
-0.687920024010589
1.5949905478347348
-0.8661807103848371
-1.4094564516374126
-0.0004761226423503569
-0.7339002317695504
-1.2692939983024527
0.8509112173281127
0.2936528440661085
-1.0461700725992538
1.0316335238060603
-1.4248581298377254
-0.542871066003585
-0.06083547010077651
0.8504704283065804
1.0421931089511587
0.13816669972998166
0.24390771104809206
-0.7747558389695257
-1.1171041400544457
-0.5787202524871424
1.1905374004486036
0.06302607649425468
0.4514550230195567
0.26217497085496366
-0.5688861114799544
-1.3537705656363326
1.5463508973551756
0.7075928106387044
1.452738325785933
-1.2971449627537783
0.3187049053798981
-0.7108462785158413
-1.9981332286104299
-0.548583973363433
0.08009335901551903
1.3202143335067087
-0.5049652934724886
0.8401624412629589
-1.6431043634431393
-0.1386095224510969
0.7796404102228396
0.29219435018335804
0.09741309023408909
-0.16375042331749615
0.04300673050102048
-0.011199216491790863
1.119386062561116
0.32209256033897415
0.42947796474285993
-0.031784722536654236
-1.5738994374705446
-0.40272654819922254
-0.9302766730167913
-1.3464512720324453
1.3372939914153446
1.9447015293612777
1.6813229005615398
-0.6971543641253964
0.6572591632421553
1.1223321760784772
-0.30357232978951676
-0.5499375937261347
0.09034908037790883
-1.8019853022859604
-0.49879150919718823
1.0826066578949614
