0.630921739292561
-0.8191462600753731
-1.6920193710876241
-1.012916935373764
-0.9886238778945257
-2.261359999348748
1.123411694991649
0.9822532869729506
-0.7908080570893021
-1.7700997999802557
-1.561537145756781
0.1290659104012919
1.2266589422795469
-0.40554598079629955
0.7975165433446914
0.41322995756253195
0.8543389585062979
0.9724814472247701
-0.8623383910770904
-2.195473324816996
-0.7796543384950642
-1.152894039672779
-0.782277720537595
0.08773340194323422
0.14252584009027383
0.9898785522010372
0.3179502597276916
-0.290675614089341
0.782168850939789
-1.2265217173603364
1.8126611527395375
0.9559885920548952
-0.9569604548792687
-0.39580900388162715
-1.2464117036107556
0.8929677639305108
-0.328719594227911
1.1148655541624983
-0.6938510820254881
1.0147486807630437
2.262262161766298
1.4540127665013611
0.4169408543192714
0.5835222164569409
-0.11813914425260197
-0.043504058164103236
-0.8165336740502999
-0.15859515989514705
0.029197463506473134
1.1062341238923958
0.5448896740747963
0.7801630822665697
-0.3744193939245087
1.6728803169191282
0.8500184702209103
0.16890813877231398
2.1039588240117912
1.6724586347931687
0.01299984325608411
1.1379568967827798
-0.9252148551585956
-1.3066740887436084
-1.7809191572679353
1.140251853242619
1.2372235298183742
1.1980428021189122
-0.16437160171288376
-0.4946011017274058
0.5464904721842309
1.85613979845535
0.5236993354620624
0.740669709324749
-0.7067868273810951
0.9813565680446906
-0.05962369820492481
0.8478097777137666
-0.7726465144001069
-1.8325660495307527
0.18468976734412215
-0.07749776813179252
-0.597880124601614
1.169730647478027
0.3509401855136807
-1.122036961552933
-1.8315771198549584
0.03125105236035876
-0.3315198577046266
-0.2622790425531097
-0.9627765856629967
0.002533571454697729
-0.5272005670846127
-1.3072244875783428
0.2243897703265981
0.7793789788025418
0.5338037345880521
0.09873361523611385
1.715348446013742
-0.4021395095075621
0.016032490141123113
-0.9024337685388667
0.4298197452998211
-0.0673446507806911
0.9262515084581436
1.5389388557733572
-0.09906097938141939
-2.401747606911926
-1.0012537032130349
-0.07321417926035466
-0.20483336998641696
-1.797810877134369
-0.04187019570523357
0.7800604386469826
-0.05442030454690807
-1.2100996017611387
1.0977176426324302
-1.1361603383145424
-0.08381502444776348
-0.6776072147827581
-0.6304807445129569
-0.27252324443194015
-0.6313186919819398
0.7627477801228421
1.0776189918577435
-1.4167629605195917
-1.19234718099037
0.045099462763986395
0.5830416706117345
-0.21073836949023092
0.8417786086490293
1.4006572872492695
0.049741137044143
-0.2174692633038253
-0.09700489010757989
-1.4260288693286747
-0.44012301164457024
1.4973072960129827
0.03592907769872217
-1.1665862587710878
0.7925204372473666
2.647232068568335
-1.3156800703718503
-1.3926027303645723
-1.2470001645488697
1.5155390952617334
0.7017721902985745
0.37237613466454705
-0.5182536374840657
-0.6803799778494871
-0.33693182191421994
0.6640769199940181
-0.22275668863289946
-0.8572181909485481
-0.2964278025093032
1.9224213518897806
-0.37874917696751076
-1.77349586246011
0.2917460348415272
1.7839926143945437
0.9073601911777833
0.5238792342006715
0.27802285911828023
0.8557526105230394
-0.2462339131413419
1.4190358142596469
0.20963222928660558
-0.20761009322059273
0.7573472443781832
0.3150682262466346
-0.7594614860975208
0.49381346018205663
0.24882566579878743
-1.3850304059808478
-0.8355674305174516
-1.0099813855714894
1.2151223036370227
1.0419824408510283
-0.26522912775539553
-1.4158182510246795
0.6781399879819587
-1.4815512720839383
0.8603028547619299
-1.4307192449796446
-0.12574659929095663
0.8866278966882463
-0.5708968596398545
0.12169675520500908
0.1615855321669359
-1.8736596574683846
-0.38836571958974364
1.2447764215595298
0.8016475934387436
-1.8679074747581224
-0.07116792582414073
0.68438761936948
-0.33964321088512917
0.25783324934621954
