1.37837697475004
0.310746487548209
-0.6010484227079586
-0.48843876324136626
-1.7934234770258024
-1.0571287111220087
-2.6738727116001932
-0.2562518128262343
0.25817343449636304
0.13320579258134033
-0.09128838917542799
0.2960142284032891
1.954564428916639
1.139449146639449
0.03775677909358452
0.8221144701804854
0.715407684658244
1.9965961322540549
1.1506189126602877
0.38262662651967705
-1.4934980430879128
-0.895468261264868
0.8563228021269667
-1.0862290976137843
-0.3663376046782799
0.10849607323318813
-0.4508160448073272
1.7683806562195297
0.197560783209997
0.5491955077222606
0.4266514078051819
0.6373731831525904
1.2585371590198162
0.2633272173065596
-1.4109320543450563
0.5390722418738922
0.8641394439294624
-0.7173882996650224
-0.6418065909804989
-0.0340055925676066
-0.7143026757358099
0.44871966370412314
-1.3026293266196731
-0.0014301087888605906
-0.2911618815693271
-0.557738782275129
0.7530015066453773
-0.461522069198505
-0.060420773114771134
-0.6042049142324027
-0.032648630738230565
-1.2396669938003917
-0.3599781341817356
1.27127889250038
0.03363755656106226
-0.9203346380791665
-1.9716039643766587
-0.05778291242840207
-0.7908754373308938
0.24213160967221733
-0.423522144067647
-0.11751212314343124
-1.9059531045265536
-0.1254113052123724
0.7202090108413318
0.35960664331873926
1.4299559276509712
-0.378675952022184
-1.0495635085953632
0.7214472041721122
-1.0488415654900265
0.7685825196437853
1.1774684788480745
1.2712320182382135
1.162744961618103
-1.1955604227065453
-0.9153873893532074
1.1783369237080874
0.057130188925195856
-0.6377474473431607
0.021324908656727155
1.2388942486816599
-0.4852264719212327
-1.0421232347116607
-0.5051488649597838
0.5720165837486882
1.2616563039749977
1.3907364449453135
-0.12419008014684371
0.6145286153590496
-2.0152780842895908
-0.4333451150901066
-1.2302860844206756
-0.02363616487019533
0.164621880376911
0.2700186909487691
1.010654952433678
0.29386293070434966
1.995195946574263
2.225484910349116
2.4662261637218905
-0.32409009193976496
0.4354100277195486
1.3611073928267052
-1.0453515828718898
-1.4353783889730656
1.2339071731470868
1.099485993877123
-0.6729814564367559
0.9129565330351597
-1.29234617095379
1.3896032737715638
-1.0024512053997365
0.5597748331472802
1.5952706282043618
0.3666542242498517
-0.39115513282531217
-0.31522692332822083
-0.9231332312195067
-0.036382826061380893
-1.2098845547191623
0.007196235027373968
1.114058733118175
-0.23990317986277582
-0.13657981130790092
-0.6141975190125508
0.04168313193944161
-1.095134276497149
1.5985368855528765
0.45475313280675134
-1.3871249421450562
-1.3884901834522492
-1.2265466659047082
0.032507262887254806
-1.1445503791868796
-0.6507729833416975
1.2892849176748071
-0.27304191394729405
0.7661411715828838
-0.5990099997781727
0.9538964303155636
0.45518805093821424
1.7924569819172353
-0.6261617378430246
-2.4114530770486344
-0.5216236664721976
0.5769307559606442
-0.6907044262220469
0.1189499715071779
-0.7361711734847229
-1.351757354918976
-0.47556381786821933
2.137085388641398
0.06909561836286543
0.28046015413302167
1.0187757017688002
1.5777765193857887
-1.5868687416525327
-1.4823354185498967
0.06899730519891141
-0.9587201403689761
-0.17521684307743152
-0.44432272136559314
-2.138381585079016
-1.0394928698860961
-0.6589752342274402
1.2762359721476872
2.287019108216172
-0.4284924374372436
0.1499828525364206
0.3034579640110704
0.12560516733556815
-0.21992462477772154
-0.322450307223369
0.5233110398556413
0.06421705930637364
-0.7882988580226881
0.40922625749245267
-1.9188168220827664
-0.23692736922103058
1.1562339962076087
0.01578382244943122
1.2385427439010208
-0.3469155703758244
1.0106925355822396
1.1684536163857615
1.087088220730335
-1.3295981970671764
0.6010124150578497
-1.154720427311902
-1.2925051938175305
0.7957809940955177
0.0595502291765572
-0.6027582760712431
0.27535715241493475
-0.5963743437366362
