0.7848669520084223
1.6467647953741444
0.5525461794707177
0.04901788176238181
0.21097732524482687
-1.0522908417163759
-0.9380228904254704
1.863565238908152
-0.15322062194968594
-0.8571628750153413
0.952169493628419
0.29916527452519104
-0.26102543474180306
-0.19354924617031125
1.0982285484697596
-0.7056126196102039
0.2667425374745695
-0.13211995682161945
1.3447629869399593
1.0557642316784297
0.10865616495612307
0.15715874657784967
-0.1417369737297769
-1.2672796054718038
1.3627713633507714
1.6125430033153036
-0.8219239739957032
-1.5519516780795586
0.6614858811166904
-1.5653286228436982
0.8546281765856414
1.7068031659573961
0.022088830945586235
-1.4451510913680996
-0.5469237229784836
0.25096519254007227
-0.2562937548946631
-1.6854732515356787
0.6456903059630055
1.430517253055723
0.22635607830762142
-1.6662158971725223
1.2051546478118351
-0.627298569056885
1.199838633674533
-1.3281969742999964
0.3184317042129184
-1.6099531502767028
-2.2700869127708034
0.1014895325540738
2.078751045103051
0.09806987000632637
0.4788108452579664
1.4551966107522183
1.5900283888904527
1.2033044303113052
0.958265888575131
0.8478589956893227
0.8126960592309623
-0.4205771289629337
0.32870379949252077
-1.7116055862622077
0.16250697053709634
0.11124918661234452
1.1235938469356275
-0.1589188941647725
0.4629775166758298
-0.4307491062102413
1.3336196450041093
1.0133517388800979
0.47834799645446957
0.4707625583894526
0.05590142821940591
-0.4711080924776835
-1.5812696479574695
-1.7054172803508187
0.7335392047141401
1.4710930886100198
-1.2757711464572898
-1.155857959893406
-1.0764282572097583
-0.7906811640572907
-1.4470484260358376
-0.10045600079944483
0.32474705833591727
0.14680333809576354
0.8168514121155004
1.4274683505761858
0.14604428398717872
-1.2135650329218746
-0.8201509489694749
1.2101084345981492
0.35272811545982113
-1.1921806830538095
0.9023945138461028
-1.919756253624073
0.2256080392957751
-1.5478141741026008
-0.1434122123088964
0.2917683127188579
-1.0882885126875113
-0.25206595035832596
0.6836842409929033
-1.2749224767670508
-1.441204929271588
-0.7605791087864011
-0.399854530641637
-0.4903753679177202
0.7802664400488118
-0.42227555785122417
1.943459851891458
0.8649543681015806
-0.0753105337140624
-1.4464049800253975
-0.31165491885284574
-0.8143443016670782
-1.2164961562747665
0.9411809156125882
-0.32456820275568515
-2.062432265228438
-0.6152917676265182
-0.6086749329871293
0.04023466326764013
1.8770031647598213
0.459460955665083
1.6236144271318291
-0.7172043697167444
-0.6132949773441553
0.3729515042451443
-1.091735340555215
1.1931035169345172
1.1653587598950075
1.086403589935169
1.1719904102617906
-0.17810329325436702
0.567317762313961
-0.6393496402730634
0.966038822082031
1.5396234308430683
1.0883977079585712
-0.45828209366339734
-0.6952065957145536
-0.8817597620386914
0.038022217646331215
-0.21157549418739213
-0.381091725259342
0.44382015103959316
0.11008715168841127
-0.24929459974677534
-0.24109569275823178
1.0597819455202075
0.28392359910495
0.5334783248191187
-0.8798794230759158
0.39900069975895613
-1.3873356579331086
0.4018818616777809
0.34236661132814133
-0.28191453602694505
1.1430518814020714
1.9031081927012459
-1.3358329042701573
-0.7275537076735832
1.9196087943848772
0.973406476093277
0.9336469579051911
-0.375316853766153
-0.2773111193384798
-0.2318223378445717
1.5024064380428506
0.5021981998507277
-0.22096804202923898
-0.5691293474475106
0.8557332818559639
-0.2056412737692683
0.27096503918621473
-0.8065870571149334
0.9079778545918549
-0.09262422505884291
-1.440030849894004
-0.4586697435994429
-1.231179446488609
-0.2836883744237569
-0.060496129602367804
0.09002236117411001
0.5791341336362807
1.4774296994234575
-1.719707329651098
-1.170548006603669
0.42141993862170407
-2.3027677094333128
-1.5336023513908434
-1.7176843362792067
0.18202525998302332
-1.3695592503445868
0.14033204857144355
