0.27128223067956236
-0.720792412804484
0.40356343170354947
1.4917428388685072
-0.8809891311296012
-1.3216109238029656
-0.2187327378420388
-1.0050332246008038
1.3472386612832294
0.18115472755155118
-1.4233883014715203
-1.202554670360661
0.49403984704366843
1.0783818134106486
-0.036202607758656496
-1.5604291696618693
-0.05145455079229035
1.1727675087215343
0.9084106015468869
0.6799749571944566
0.6342998279069237
0.785639603424601
-0.04352468924662057
0.9831171413839069
-0.9507455235160678
-1.7573054758316913
-0.45252039973699026
-1.6192929817418287
0.6766371617508158
-1.4037893593684183
-1.0899485144967112
1.0804574360019537
0.2952069200563581
1.5950412547920552
1.4780512102182592
1.0958742665084946
-0.9112440066496358
-0.7364331425517863
-0.7409578115819684
-1.2486211300260714
-0.337927915233123
-1.804415068045955
0.1765445868314396
0.42306977824592845
0.5657125891731748
2.069513076917785
1.0761521843580777
2.2694786007448546
0.33999241165083743
0.22512036159627352
-0.369374367922181
0.029045325675042602
-0.11251259016772779
-0.5816610822053137
-0.3268683526581119
-2.277053369409708
2.2435465688105842
1.3881125375452898
0.09218069405682344
0.33088650613160175
-0.8019747289221407
-0.6226004939626788
0.3609510124186074
-0.9194854651934316
-1.0742526321914752
-1.3397589051880292
-0.1031428873234775
0.4266749508463579
-1.606649561529757
-1.0530467697345254
0.9446764758508853
0.14025954788308923
0.3001378767303209
0.5962252595283313
-0.10083269385674959
-1.5649560276224275
0.2274955856463023
0.06750564383540358
0.37119844370255456
1.0833491558493402
-0.43474462536469244
-0.9740378643128018
-1.0760592170170051
-0.3144900936979075
0.23972459495020915
1.341596980379398
-0.10183591340250145
-1.2405728543377466
0.38520661082452345
-1.5630560864785308
1.2323781972234449
-0.4253676016042137
-0.4023903045763724
1.2598090869056258
1.156854658040831
-0.13514547216526093
-0.4408301105953856
-1.487352243544485
-0.1465551200679745
-0.9539210457775998
0.504174783089681
-1.9755186760285295
0.09189255532480116
-2.162074764116387
0.08280265628348334
-2.1499787261397247
-0.778624655174029
0.06320723869710661
-0.4249169870851901
-0.9443068353579744
0.5512661365682903
0.6072573690772646
-1.1422486998364658
1.349899172400392
1.6769778258084307
-1.4585707083688388
-1.1882868228339618
-0.5852640386524433
-0.5871412450620106
-0.7014183007369725
-2.1923730446506142
-1.3979543149722748
0.04892635507070166
-0.09746195902345269
-0.10362029038342414
0.0530991378663617
-0.49380779490490273
0.6497008356549333
-0.11004463568505765
-0.022522191147324684
0.6265947864201281
-1.3664851471967556
0.5140624934601105
1.4970831404116665
0.11458615742675068
-0.8192380996191713
-0.6774024721868329
-0.55732213056682
0.2911072879515496
-0.8657305444784721
1.102253802100869
1.432387167535498
1.7456856511662135
1.3284352736974512
1.578855935429882
-1.05668119448345
1.9110064333449324
1.3432792606953174
0.18349560132890608
0.33666439584656316
-1.6296174978455769
-1.9277850403050536
-0.7073859982967204
0.004617642860699436
0.779518066151348
0.5702793024448409
-0.17092863356594845
1.192049679321613
-0.18365414880726955
1.390146470315501
0.044727957313141574
-0.07099299970837522
0.05041723940192172
1.8635241355985308
-0.31340132742879134
0.5674817548635024
-0.3004603245846308
-0.18321244412050378
1.4156854190518862
1.2416399417167743
-0.8481480341879455
-0.7169353609954239
-0.7436393535524805
0.9756198845130537
0.05954724107869442
2.1366539701640583
-0.35313112316762735
0.46293942139596406
0.2379045285896702
1.3676505240102461
0.8926479079632743
0.031040752766072852
0.45949554312332397
-0.5861472884237842
-0.34054545734088454
-0.5746607720082705
-0.23258105769444284
0.775503433793868
1.078011457972447
2.228881889783068
0.6995268998145866
-0.4717669535028856
-0.45016594661996456
0.2408667291046168
0.4439909752033237
-0.17875469344357728
