0.03207566965661866
-1.3255679832686789
-0.6485791372586476
-2.0135120767336634
-0.10098959193045873
0.29916296536173353
-0.6423911520383279
0.28270856971779473
0.08190062072611326
1.3540423757884263
0.0877108195523187
0.8124841805846489
-0.4538696965675905
-1.3942026589824437
1.339380261040597
-0.41275082263124796
0.7775688845890681
-0.8532805986177967
-0.7375109852269902
-1.4986645763180502
0.22220542516996056
0.45974684354970463
1.8698078190866334
0.503956069784724
0.9708336498664002
-1.2523066467053405
-2.24945542159115
-1.008820421309165
0.12945596343009574
-1.478507077713878
-0.8204077126491423
0.3475252549098095
-0.39512155556189216
-2.0004702066738735
-0.9459568071447829
-1.211324503779017
0.31717146983608374
1.7415612710940047
-0.01709656299469432
-1.3401090921877634
-0.09683743632458498
0.0055703908652332415
0.29957781008068013
0.3714928673442114
0.8125630857800503
1.1430119843797357
-1.6800304585642278
-2.334664549986024
-1.5269152992488293
-0.8826016784547219
0.34280508751378835
1.6448771180251078
-0.23483095593291486
1.2767165435707466
0.03312964479348706
-0.4976642146566985
0.43557159613383395
1.2517121618201272
-0.47806033518336133
-1.4539090395145373
-0.24778584433714673
-2.076054223117533
-1.36430338011364
-0.5135669590675987
-0.11210663669143911
-0.22334864673245666
-0.01090022426943879
0.5514998609728011
-0.289626097647307
0.0673352545419069
2.236330880887923
1.5094712903542165
0.6393494730831679
-0.8467397941604023
-0.2697696706561703
-0.9625058027351939
-1.997309590103863
-1.9747533899144103
-1.5093007074768288
0.18417519943324923
1.6502118872244411
-0.005646733521659482
1.7296922580502483
1.1799636715833226
-0.10973172539011057
2.2676016960099576
0.6210663109696937
0.5758752711627981
-0.2729693891961562
-1.6256869425701543
-0.47923697903205714
1.0529631413082743
0.551932395336283
0.9256538491268281
0.26511164922654823
-0.5977783811257203
-0.2718446056344298
1.1675697845273985
0.6759182697853304
2.0314276121703725
1.2328432813165926
0.12115951158596287
1.2558170743502075
0.9159263579790045
0.09110226261823548
0.2116491244509143
1.745107165861557
1.6009487050915014
-1.2529089575673922
-0.97470521652549
0.9057218477865536
-0.12069456120568664
0.04631786940764508
0.5386499530576283
1.1921206057476914
0.7618474179278387
0.26746565930569766
-0.06145537769933554
-0.33391408275058776
-1.5281487034735697
-0.08741677085466501
-0.3624693688399668
0.004226069766290335
0.5150539718284621
-0.1046828600621419
0.04142511033516668
-1.4656481397057282
-0.9036723471639785
1.502698041424025
1.2327692690936285
1.8206016205144233
-1.1464430736177886
-0.006273634535260647
-0.1862724738729059
-0.18472922051412138
-0.592653961276945
-0.371259240358846
0.9883891925474311
-0.7857505563126251
0.6915633606662112
0.08490807643550968
-1.3919924454079309
0.8473498382492232
-0.7101181585125291
0.8659342582210536
-0.002558139559671497
0.16922451414704234
0.03863777838684593
-0.4096254736515318
0.5133912185849159
0.6772659068372965
0.18468991217693242
0.3217426938260474
1.586615984975232
-0.7533958822706939
0.1507382420739349
-1.056309123234433
0.4231105970685882
1.168158809654771
0.5513389002809721
-0.9465831238735736
-0.7073634462355545
0.9266746895307268
-0.5811100077586459
-0.05193275201929335
-0.6299118795832341
0.6992753703451464
-0.3742064892968729
0.07840811173262593
1.262739205077692
-0.2411490278333043
1.2691659476836836
0.0453072974587073
0.5817325967589957
-0.5568087748577921
-1.8428757524898531
-0.5230901139602063
-0.18698628896121414
-0.38170092261398414
1.203565873369444
-0.3256825034938497
-1.7260028433256756
1.4017617737647
0.9693009268906927
-0.7569961224770455
1.0746999341493657
1.1627003370197144
-1.8028377324343132
-0.9738912862527696
0.21933258043929924
0.9626481903524966
-0.6155775734603117
1.440985877932172
0.8366272838604666
-1.8455489081733751
-0.9201840624346391
