-0.27792519421072653
-0.2843757612014764
-0.48915633594313607
-0.7736360729340201
0.5527962592910277
2.2119489742245255
0.28456332459448674
1.05637738725404
-0.019409328330608593
0.23078438763456258
0.14560680079544536
-0.5696644271376254
-0.049773556423436977
0.11618714640587824
-0.3362563897164944
-0.30878595124998415
0.4016506367136877
0.5961672238729494
-0.40140787288249613
1.9650628416229057
-0.7665783279672674
-0.9455158791230611
-0.9880297740896659
0.6391088605160617
0.3069561773271002
0.8662656709969563
1.0987955129495997
-0.12606028619389945
0.6124332096604567
-1.4666296137170678
-0.5281741774643333
1.9310979684740117
0.4600404686224503
0.38154079105833866
0.9601131425411481
2.51002874794523
1.4122200859631138
1.2265906290565907
0.7121426861039961
-0.6647830887760555
0.9478535227876225
0.6540536940628178
-0.9705130974174684
0.3812481968768611
-0.7958395890667194
1.0814263464267873
0.45460630154507736
-0.7914567912090372
1.3232075037679203
2.397188355551874
0.7086601117849016
-0.8573185827549512
1.1992701908640881
1.0567451866498958
2.281728434933426
1.7108645867715606
-0.15069674812972675
0.6170716488403011
-0.9079935695371388
0.3404594645931375
0.3729336684549723
-1.6482010836138319
0.3410025653169152
-0.7725963566298107
0.2626940516312196
1.098111692494743
-0.27279572307050276
0.43773148416681257
-0.33574972052842744
0.1727958034142078
0.5179444247617593
0.5690247478883937
-0.9916579567165185
-1.803088139272644
-1.8731306458083234
-0.450768968507058
1.4314963307944744
0.5471867248622864
1.0402213105391944
0.6001520025387936
-0.13163365760613047
0.5816368358766761
1.6761833584305466
1.3877703138969475
-0.07407530216137613
0.09845381240243627
-0.02767810580095844
-1.956808501096305
-0.11243132489023468
-2.2853489077957287
-0.7496545287613131
-1.05626553687603
-0.9186251992952318
1.0862366698526857
-0.5289957623224923
-0.8144407052550968
0.2998103444029103
-0.07755329374439796
0.5495892997493341
-1.4554460139914178
-2.3138010717672297
-0.5051975436357362
-1.586391168613789
-1.4001264260250066
-0.8238257656278974
-2.0820952439748552
-1.65837524958122
0.9810120910619412
-0.4502006776384435
1.096098008321103
-0.4692076657471295
-0.05231475267910202
-0.30345344086665693
-0.5943032874645943
-1.1079286551190057
0.25256829662646835
-0.18309939786231758
-2.462858494473944
-1.0602035948517725
0.7864346802211429
-0.2260295305268893
-0.8863160133234946
0.3053344911456572
-0.608176631594975
-0.18343430460003038
1.060466854367439
-0.22385094337775965
-0.13908899219356866
-0.5107551655778415
-1.390287195699703
-0.7721848462721114
-0.7009570240634524
0.2783539077253753
0.36302356285904186
0.6879213354532753
1.2668230350694842
-0.7883643194745834
-0.4468672889062371
-0.683657064306646
1.1150488067515214
-1.64025481642276
0.15517618264665434
-1.0677006435755467
0.8928765749384058
-0.04329146879697031
-1.0424661179367234
0.04983546786496109
0.8176333755762639
-0.11492439525148737
0.9438082931421412
0.0016704122187925228
1.3602143445761512
-0.3687454178176295
0.06814334956320843
-2.307382862358252
-0.48336298380084153
0.8983112203835916
0.7750009689410728
-0.05603210857489155
-1.2292970952999667
-1.0078229141003436
-0.9486201551738013
-1.679764474267122
0.4969604385682337
-1.0968386098743317
0.3008716817756905
-1.4135617201876045
0.5351040359612544
-0.7865239140284168
0.3963982992574424
-0.7778267936409886
0.9343482626204156
-0.05547364751100278
-1.183214513623947
1.1671789266262813
-1.2826990034693557
0.4832300505844901
1.9153844335973311
0.39594063755718295
1.025946660622368
0.31420143607506495
1.4640572372862801
-1.805929880586656
-0.923305896447724
0.8089000381926741
1.3620883859539898
0.7779700906784754
-0.03827418084872228
0.29840964366918626
-0.822733858402081
1.2904965641569082
1.544618980102563
-0.45130534852613174
-0.7802636128175233
0.09924192619929993
1.156953128912077
