0.8832118184176724
0.697029842164487
0.0125553707156341
0.21735526393480978
-0.3857641646389151
-1.022551595340805
-0.025836978508471945
0.09013598035873792
-0.706632785837724
1.2374163783635586
0.527725135014898
0.8779660654154943
-0.5227846613855793
1.1545532299289134
2.1351365422542723
1.8171887729122043
-0.8261072707772675
-0.8555845489188703
-0.8616523852675448
-0.2778888173344088
0.9364745082007008
1.120882748461873
0.5557277504335763
-0.8189587541420902
0.06114838118730013
-0.4581889271735035
-1.994829324979858
-0.15042765329268137
0.812579464079232
-1.2428016367887302
-0.29705921907497973
-0.06548925316976541
0.4762972906595152
0.3765308364965153
0.42507589694021414
0.43893401912951124
-0.7766770454449768
-0.8830381610571294
-0.5150936188258073
-1.3786171711328286
-0.2074094015377534
0.4899935498849322
-1.436375654418704
-1.3385269357805225
0.0886187498341979
-1.1646769686897294
-0.5390263280724379
0.7395384934474477
-0.8565882875190517
-0.032363661666435575
-0.7493392809923265
-0.5134289153501048
0.6034453162672199
-0.03326031736743635
-0.9335387881779382
-0.19611329173980832
-0.14285224067503505
0.2930406267279324
0.265440065774733
-0.35641395814992427
0.2466145538510267
-1.709827893525199
0.275150090249449
0.48121370080235426
-0.9811034694364666
-1.171419467620328
0.17047033734528427
0.8872262233472562
-0.5830370009177626
-2.2077369030614746
0.27654136636505744
-0.3701685526668961
0.12068278167741016
1.2270683974514822
2.138647403883949
-1.1617847756506894
0.4462839486394391
-1.7490353384166346
0.6724033023596231
-0.791263019506358
-0.42954695009863963
0.09568085863991738
-1.9416671705381974
-2.358119379612211
0.6162378908607848
0.6285401013334021
-0.12464207445800635
0.9829718068175731
1.1550266288775342
-0.8021610254360758
0.18537227746507667
-1.4474062969804733
0.46094952653451143
0.17811742630084604
-0.9273469575245623
0.8749779738970411
-0.8793527868838739
-2.4711368348634126
-0.6601199911064165
-0.9811680325178604
1.8975593570297202
1.3695243297302335
0.5131980516439133
1.8846570953042674
-0.5972056185560812
-0.1974417735730081
0.429799574714548
-1.3326739888215269
0.4203138245108317
1.243209885467729
-1.0488343949648553
0.5049756167767612
0.6949879335069813
-0.028123213089305522
0.4216921110980494
2.331240415138532
-0.1923106670432095
-0.9211650545923875
-0.07542921660076815
0.3457487221237691
0.7964138312722503
1.1937746454597962
-0.10885291906065299
1.277833011431178
-0.04751806185940107
-0.10953356595191503
0.4066268305259289
1.2675866667354327
1.7306800151221413
0.41870381582059407
0.7226022648899537
-0.9028664046009411
0.5070209512857536
0.9767732243220081
0.7326800995928744
-0.8617944144331023
0.17372049634248252
0.9656883106454213
1.611844016152764
1.2499185620098254
-1.0173912436447965
-1.8349794125006138
-0.4887810366940017
-0.501128074829245
0.3563703905989776
-0.7004009727515722
1.2493955134789838
-1.1007071792668304
0.27631981319036003
1.3416950194223107
0.24442441806665194
-1.1836270430760065
-0.7792575118144796
-0.2695398893424223
0.4469096048962126
0.10110654341222561
-1.5438000647097592
0.5191397269937843
-0.8995142430640729
-1.5385150260960225
-1.5109389946501957
-0.6196839375047565
0.8099626594557435
1.4976613851112444
-1.1359993348328727
0.32211604865990573
-0.29875926088339383
-0.7366626905929468
-0.6248603209700647
0.7895812939659878
-0.6878467606466564
-0.08030216914475838
-0.5143183278611844
-0.4428072299976804
0.03610853215602834
-0.15382310497978516
1.33407126968147
0.6174863476317668
0.6226295761735796
1.7744293848271422
0.48607390636950937
-1.311708408576507
-1.342999621576122
-2.1936422353750396
-2.03002457645622
0.9744086920710033
1.3113680980738485
0.9417460198089443
0.01741428466202933
2.300320968110321
0.5231668320826133
1.9993232563053904
2.196018824615488
-1.2262948790248818
0.9606164135179528
-0.08681240763701924
