0.1502783929556447
1.032475999260831
-0.0877127654634336
0.28331921648032393
0.6677088791634368
0.4638173717419261
-0.6300346010623122
1.2711244340922008
-0.8873149805079769
1.2425958561358412
1.061098302801963
0.2135753503794471
0.5167658922678773
1.0739202439585707
0.06340007315220181
0.4952578436170435
-0.14226898423781187
0.3788739417565149
-0.24328498487078526
-0.7429941038355178
0.1516925769954885
1.1541923500194875
-0.031032884421825915
1.2215725621436944
0.010888871285906763
-0.9927739403894678
0.08272056887730297
0.7764876973536441
0.29312016857363465
0.9910212181298438
0.5334143674934418
0.052475528660233015
-1.8943571000856079
-1.7814399872994393
1.0151152610976628
0.4564831491194243
-0.7616527165903294
0.7425451881796703
-0.473318732350033
1.540748215625504
-1.3862076216139194
-0.6123616735646449
-0.03748603557973715
-0.5966065046300609
0.09910236137337289
-2.2538605688752424
-0.05872897619217139
-0.9398940855655518
-0.04855516198670917
2.360201765738195
-0.05854197151314465
-1.4722225998090417
0.12807695988864823
2.282372737787907
-0.08127584509974087
-0.3547660516195682
-0.03823241157950683
-1.69267634547907
0.5651391320404523
-1.6430138756213883
-1.5503469345271075
0.4762084265788811
1.2748447858031242
1.7473849000704045
1.7413856256007265
0.9617209559575824
-0.0592090656046974
1.1035559489158682
1.3871227947053464
1.6203630265398608
-0.20920984444162247
-2.111936515528549
-0.04813311184936809
-1.7446942328012727
0.10798437261212429
2.0478062207612844
-0.24855610662965263
0.22086499308117094
0.12206792287902483
0.11779916019691473
0.06907352757328586
-0.7619227048941207
-0.22635375133176844
0.3746820578025441
-0.1399898444633925
0.39253814996190106
0.9084817207176915
-0.5131366278350314
-1.7283510529756454
0.6558322105630393
-0.5645728053547084
1.0494858676864935
1.107395302942174
1.0231442817287528
1.0622079706771872
-0.934169886875252
1.0711419690554542
0.07440548322412234
-0.05921895489008072
1.3352497243954704
0.08132180472828084
0.4343159229722065
-0.037389017246742755
-1.9431517616378529
0.09921377989439292
-0.5960013936559142
-0.061516916861123185
1.744241697157847
-0.028431885101440894
-1.2840089481040218
-0.048823306470553836
-0.5138044601310733
-1.2902155791685264
-1.029935622053669
0.9133714441329471
1.5721273078298237
0.25586490349780544
-0.8313245541232601
-0.7491682904085424
-1.000819999692046
0.8054800120915654
-0.24003773804872358
1.3467640929466724
0.11876535004755233
-0.37326849127686157
1.707176332550564
-0.025020385539218367
-1.0638962612019875
0.16404305586778561
-0.9948726118863919
-0.0533984197668411
-1.7710524581207692
-0.016551794515627077
0.36042029298946665
-0.00686003781490971
-1.6055268957630362
0.12757328685947308
-2.1541910764422507
-0.26069579653049707
-1.171610900696559
-0.25931537729332027
1.3449075312840622
1.1181493254878225
1.7849987122574376
-0.9755324133693225
0.46762990435911794
-1.287508862517404
1.915731024608326
1.2652862658633839
-0.8973250946031264
0.5419101844928417
-1.8703424993219582
0.14212813684787362
0.13454798215274524
-0.060834092054355283
-1.4241943900538105
0.007895614597120555
1.9410955486364785
-0.04136464541097343
0.44868034744817126
0.13996095568081585
1.3567958975083412
-0.07310815085296374
-0.08963424649991517
0.031214768424371077
-2.4888176981983845
-0.03988781153264265
0.8904448810721576
0.7441719315591754
-1.7211476602279017
-1.198180469947314
-0.9094166369589725
-2.10943940982236
-1.0011386256242558
1.0591241557364595
0.9154498250978444
-0.13900334887774765
1.0008209895070996
0.03238856022207912
-1.279214067624467
0.36955149741672944
1.5410481151555584
-0.2659022833464117
-1.4192244030747443
-0.13268597344366287
-0.664615370364197
-0.2610015021944548
-0.633613508985052
-0.10345938599760836
0.13289771249920274
0.08651743406591693
0.11450542173483187
-0.21044136697612562
-2.186164956534284
-0.2584396100226584
-0.6879164716249415
