0.6833906721565137
-0.05888535650053931
0.4247132882107912
-0.12058738703804835
0.2104099885083307
0.5291647980000929
0.6149625037116263
0.27063293477228517
-0.29885719962632395
-2.015460809601003
0.09316086017290215
0.44642833127087794
-0.5534091946009934
0.32909757421303887
-1.4444237436096519
0.8320762058775655
1.0943746723887058
1.2701416221221917
0.03986778705467051
1.8181884451426025
1.7118375105117778
-0.39435037092286956
1.112641066953827
-1.2156863317560123
-0.10757496300732207
-1.6296276745633265
0.9847275572512639
1.4185840873137379
-0.21415375005615764
-0.4045189881411431
0.26635244982602646
1.9925024800184403
0.8483094579054293
-0.8427481931549883
0.6193102464617497
1.298639714644633
-0.017589545716941733
0.14543084978619814
-0.02054123748692629
-0.2035440066866144
0.47488992623188114
1.8973910812230022
-2.2611197900907967
-1.8868481781651836
-1.1855303987873056
-0.37961778227481535
-0.2651304470246428
-0.5184869525993946
1.208765034364669
1.3809186833167442
-1.1195584073777118
-0.39107423009756587
-0.46913164109749933
1.5384448144392753
0.8019324085101777
-0.40286446958857974
0.020107489903928098
-0.3548418314631296
-0.7274149225647457
0.9726068048704487
0.3119258243393877
1.138507060085729
-0.25226912223106224
1.7515107611394
-0.45085053827059757
-0.3664644159557199
0.5841194404538539
0.12932846353595442
-0.6368336885889256
-0.13361528389264465
-0.15592147126341693
-0.597611842420602
-0.8685696435030423
0.022365915512269043
1.3554007749313803
1.1034449871070655
1.092836944842512
-0.7558942136539066
-1.6568562644124651
1.1587967337316305
0.7003925187583688
0.513859915600574
-0.6512042121786592
0.8993091721476619
0.08865313798129328
0.826685791363875
0.35980671957599425
-1.3701931501060955
-0.5941650639076375
-0.31540652082780113
-0.20378848569962604
-0.2706917846675775
-0.5837035049229147
-0.5765639434898947
0.0059842746779513135
-0.33529838251799604
-0.24088879112746883
1.1455568300184962
-0.5698971318581758
0.5568880070177408
1.8367660839763869
1.6205328664223546
1.6865438251486153
0.5330205810580202
-1.8990301819197763
-1.3147380169090013
0.34124861533011125
-1.0219952303819637
1.6777438920888958
1.7953578995392243
1.5104965553737684
0.5123001948402482
1.0023557463343145
0.003850747022457892
0.389276782998927
-1.4185092036346894
-0.7321940050058919
0.2596968655797824
-0.8701791983217696
-1.1101948792431986
-0.6244174534895163
-1.602388983910664
-0.14450583467445088
-0.10727235350283333
0.8226412467930994
-0.48743392517103284
1.4231641233739758
-0.23935738552674757
-0.6696199527570613
-0.7631354683686934
-2.157631388046
-1.9971420923347716
-0.683200712976215
0.2704108915163577
0.3937639822364012
0.5057681967768473
-0.4809390080893141
-0.1784199616321362
0.4594612089094028
0.02173197375727316
1.2098252037383839
1.4915404546781361
-0.14377927612908067
-0.8386028819190352
-0.7380530743144634
0.009160966618277038
-0.05527092944649073
-1.2944236403211395
-0.5358322933065454
-1.772822665588113
-0.7994503149699267
-1.8541525499951648
0.6097788018883182
0.9191937038299617
1.6538701277773684
-0.7076717674958024
1.3784735047615861
0.042365715552749594
-1.0443998494218196
0.42759122602204136
1.956919053363598
0.90848062199135
1.252122104688951
-1.1552904831915531
-2.3806498801759974
-1.5440206025066499
-0.421203964640654
0.8444868623668623
0.018043844642780627
-0.024927015577736
-0.21700781758702395
-0.502887634659725
-0.7343238044688574
0.19315523187538933
-0.19739899533303323
1.455373552128023
-0.41764753937490573
-2.0376594954709275
-1.5211292448721272
-0.631149265322798
0.5689000982234453
0.3572651154365764
1.2604514072081567
1.2403742129406576
-1.752838069457935
-0.9304554541442467
-0.773127436697179
-0.7826382783329588
0.7537728777406074
1.268922002567474
-0.41844434328685953
-0.5721072193327621
0.1253327314281727
-1.609220093864053
-1.5222232868382222
1.4164733425341038
