0.7465048750350124
0.3801108750683274
2.1597917433977383
1.7281439307886943
0.6015245148441174
-0.16635128472380134
-1.0358121716820472
-0.39850516711943823
-0.5855027067357464
-0.15305691099919552
0.8039784733083867
1.3318739608159185
0.07573968889001353
-0.962193441751128
0.021515626260523252
1.1639147219474395
0.33591761069914006
1.546808243022495
1.2299521051950255
0.06350946430667205
-1.5917257299050136
0.28794892472510075
-1.2139880545624662
0.02367114624776778
-1.033417303070112
-0.03434569070326566
0.07701014622482222
0.5883425637958724
0.7848893272178581
-0.18227732547997919
-0.5658103832414068
-0.026332423669794557
-0.5748653727317873
-1.5566594132393725
0.16420629303071252
-1.0966679731721825
-1.41101054288204
-1.8726233427341095
0.44849760625973883
0.29808256226514807
-0.5951645056308508
-1.1522930740598458
1.3087463613630141
0.8102752616246868
-0.8741586845322165
0.24991528038599517
0.2504740071868807
0.21390035078659078
-0.9019128306654286
0.5073213485760327
-0.26554849679967096
-0.9875717769340204
0.7399221291140712
0.4223638242320025
0.2160317439268628
0.4723810591713423
1.2875632990129502
-0.7953809736255709
0.3261358699976424
1.2105099180376784
-0.3458551919652288
-0.47659781155080017
0.7827919545521065
-0.3815314256131453
-0.1500332861500256
-1.0551154229337278
-1.2217373835705234
0.8701410699541058
1.9740225837905914
2.4292882384518757
1.6369723259847007
-0.39386204587100093
0.24994576073617378
0.18872817528290867
-0.13334307045758645
-0.5000712774812238
-1.1886821667186929
-0.097087256376408
-0.9305136510135924
-0.886688555217063
-0.11231659371508959
0.55454976430876
1.09130097351645
-0.013511766594631613
-0.6756391879301739
-1.3496800792540904
0.7106140055854531
0.44276364846222044
0.9413069491504001
0.32645879857997795
-1.331520490899279
-0.9168628281132523
-1.7941874514286282
-1.120727953114139
-1.109677965872198
0.5014967735491773
-0.6560583717047395
-0.04794498771309995
-1.06385887265015
-0.7164946466242121
1.511827864734015
-0.08512571232369028
0.2310053035440503
0.6074673277663276
0.929475087171452
0.09463743517107599
-1.245568821071571
0.6517248041236994
-1.9060088332561236
-0.2236407452986495
-0.5636949830451309
-0.3973159735919121
0.9073252234290271
1.5067641945212182
0.8273004159046019
-1.4338216071792502
-0.45230712984486415
1.1663104671308255
1.9814501088278538
0.3110444767932496
-0.2260881314808025
0.054764829878678666
-0.03751412574123188
1.8106518794939097
1.5628214313946993
1.614216961415457
-0.4494188450416132
-0.3178854429516331
-1.0506062050402967
-0.0071394350151345225
0.8322662883895147
0.9326572905425141
1.8435677803101034
1.1351237208895193
0.9305810736876489
0.39400405124880333
1.5282396315401074
0.7845040086950732
0.9816013608507772
-0.5109985801045385
0.30147075932120343
0.13073550615926466
0.3242042222930346
1.2928523414573723
1.8365193624753953
0.4509686846476916
1.3907392774399754
0.023424657423235466
-1.4678116293796601
0.5405101678240046
-1.1134806802430492
-0.512475555154986
-1.0552412655705516
-2.291725309395144
0.21334615512949673
-0.06395425723083555
1.374236846425496
0.4656442977306725
1.7005571208921308
-0.5412176596116279
-0.21315971664093405
0.0016740159353525014
-1.8081669116542347
-0.9639109577125621
0.5303533153007008
-0.4519505329400923
-1.6882527464993444
-0.2835215947418372
-0.07329573373621893
1.0412873761982255
-0.6499775032381726
1.3142003762224508
1.3932118671567792
-1.093990525340445
-0.04469698686151824
1.110444391070386
-1.900271673360783
-1.2419534851389495
0.5445494716515199
-0.37160638364082454
-0.7019195048896671
-0.6815236879404796
-1.8405858204003323
-0.45025354553188335
1.1193565408846278
0.27300282270042175
1.519055782436701
-0.7145797240089721
-1.2694549093317598
-0.283102437250003
-2.2256699306307155
-1.178757413946933
-0.2950699874576
-0.44104185360449716
-2.4871088359254356
-1.5918956037178482
