-0.5214818222205125
-1.2376763928345649
-0.4725436152442045
-1.7985282094060695
0.05917671208189978
1.1552166258885144
-0.6628910947159581
-0.6789404863881792
-0.2323105837484409
1.641021043039832
0.3066007267625813
1.5653461985254142
-0.21013694814237854
-1.4112624149085757
-0.632854282245278
0.7705577020910535
0.4375823044962584
-1.4466431293658921
-0.06758733370119946
1.2268068156693772
-1.1785867619164598
-0.8534978274935581
-1.3283328217286472
-0.2108015621642733
0.13269716268065784
-0.6587406111118067
0.8318315899568661
-0.7613301720557554
-0.5806811381042122
0.5380234976899227
0.07156300201908725
-2.179658163236674
-0.5727652043386091
1.663056518657956
0.422162125129742
0.04187534879244607
-0.7719120016850588
0.033240954015157274
0.2878484126708883
-0.18913000669675392
0.7361106530276722
1.8871661561363196
-1.829634625276098
-1.0694900512044452
-1.8006443696746743
-0.9895725704853893
-2.101666706715107
-0.5246946935593808
-0.7604322449101538
0.3394133309819592
-0.045356884385637196
-0.5813911591829924
0.38146222612723296
1.3436107632231677
-0.6770539460812244
0.38841750523680535
-0.1673010407714769
-0.03913013661601535
-0.030638297397991482
-1.3639840538840555
-0.603339158621414
-1.17513216702845
-0.449714689131955
-0.8266893809153916
0.04466606206631013
-1.1138645154552578
1.315444144606671
1.1282263034710522
0.18647068878027956
0.5833154611534459
-1.5749781232253228
-0.9980470857559371
-0.4700681503987102
0.9956360461290314
-0.3769067640607079
0.8405744860358251
0.7850242977892081
0.29109587049815494
0.27517201098345084
-0.052888767983822915
-0.15877089626803678
1.6089174082748172
2.3852361753900393
0.18413382281383628
-0.518447276595791
-1.3310525522511252
-0.4019006112775493
0.0441806056479036
-0.015951997827568173
-0.3302621593763444
0.4096888312678008
1.0403666958011533
1.2973632621930198
2.1156029234726135
0.7657095761781443
2.433758419569887
1.351449055411274
-0.052103461430715925
-0.37003994348917224
-1.2776449770412097
0.6255484087479577
-0.5323723699307195
1.1586711888734336
0.26816053809242635
0.8665748109657142
-1.009309890814381
-0.4356242217685653
0.31168666125744715
1.6292871313801438
1.4095791421528705
2.0663849693497016
0.4026728497947456
-1.3141296976337353
0.40049980247028105
-0.6084142156732751
-0.664190991131171
0.71202813805068
0.6431197892289346
-0.4593967946594965
-2.1332423670417704
0.1190316483326618
-0.5212604653836687
0.7912971295604614
0.7316479051283309
1.351698949266654
2.2424955162168527
-1.5866010179011276
-1.5148243161441575
-1.703514325057422
-0.7419961993304323
-0.14671819259432162
-0.7711416324220751
0.019949109376568235
-1.4377324197093864
-0.5424817694787912
0.7999803566298581
1.2704440517767048
2.1778356724865655
-0.19150478011589683
-0.38632311400157976
-0.6607323587954637
-0.9127566845146461
-0.2209831602963098
0.6515021307446901
-0.1948695766183271
-1.7807876964393061
-0.005922046278362435
-0.28233202269492425
0.8752133545899645
0.14647089675872219
0.19470656287423818
2.3438863980194546
1.120215238985612
1.68354216300714
-0.7040519638401828
-1.389392923286056
0.7941648304784871
-0.31411385765169536
-0.5589278816031483
-0.7098924411186328
0.5424598838908832
0.545595501700233
0.03316111006858717
0.6273166382210317
0.9594313969229986
1.5648857035474686
2.0103860666863294
0.5433927036958186
0.540998073281148
-1.3584880633259915
0.3783990970321959
-0.5241457407423452
0.19333241927548925
-0.9186017593949887
-0.07303112560355383
0.6636934065403409
0.8743437546371976
0.047014161774190155
-0.09329711713909981
0.8121682855541084
0.36282989694141765
0.9407444390065685
0.518834799261158
-0.17510783298903448
-1.5585788671642482
-0.15264476283528874
0.8851594318061792
-0.8296508094253008
-1.0826518908441018
0.8417905819357564
0.6646738215708647
-1.4712660983181611
0.514128311223091
-1.0978951511611656
-1.4487546842604302
-1.2591130127401897
