-1.7611874724949155
-0.47792931413777484
-1.285422382522833
-0.5574952957409202
0.9587130174944871
-0.10549338523722436
-0.3484301451351886
0.8060909302490764
1.7559312587381404
-0.7384537988609359
-0.04023958193061884
-0.872124047286033
1.6064498628669341
0.3757840020648994
-1.0521599075184234
0.6935162022773645
0.12354506516120264
-1.441806305697676
-0.928331698314091
-1.3405398103267547
-0.890850485089749
-0.9560528135712547
1.6111630521442823
0.02613417187221768
-1.154347850424081
0.9249774441555872
-0.22873134387057628
-0.5917986899325732
-0.5159554268761
0.7078430928157693
1.7864958397434805
0.29057118907035423
-0.17746197111786755
0.3903327129882327
-1.1854856023005909
-0.0717334979597167
0.18658786572105995
0.8656953692973696
-1.1139650288264755
0.31859537708480673
0.05851262978636392
0.645001040187221
-0.15372266465629408
0.6179063771579122
1.5921140954830222
-0.58147369541959
0.29248259170675084
0.4136790858337351
-0.8122503828908206
-1.153371386897433
0.26895189256852803
-0.22232269937874097
0.656182516797289
1.2824529766616106
-1.1437415584937463
-1.0428475584273835
-1.0432642652524813
0.8411844620329839
0.5221012949891135
0.4895367978654605
0.7521469147957018
-0.5651591680870393
-1.4787427189310225
0.16252967925605372
1.8075750302869804
0.7080668612408797
-0.5911932247114623
-0.49390759100011555
-0.6100231232734368
-0.6946550049565186
-0.8381456118358254
-0.5712949413263693
0.07497793204474401
1.3870845485475447
1.3906114098640332
-0.2312726329860666
-1.4848466639593731
-1.1793816920129796
0.05335779603995304
0.02676175354815895
0.2934522796125322
1.5223225421162907
1.391079964637414
-1.3309732892864932
-0.4867697921005451
-0.2989557193889144
1.8219557471808323
0.5286875444226294
0.7505719785148524
-0.47804404311963883
0.4809826162480528
0.06818361113357839
-0.009007145111447195
-0.1020605331707076
-0.9710114571595472
0.5270329574336055
1.484085701076983
0.13945292081887828
1.2733037606336366
2.0941604500348032
1.9345678237183694
2.435515679480987
0.23945411709707487
-0.11985605650791972
-1.3556665487165684
-1.4537802583757986
-1.3358599929827892
1.2068789504409512
0.8584498236764163
1.9093329527665486
-1.0739129805041852
0.9847115905600332
0.6771854886333589
0.589643143748534
0.5626324820702863
1.1644267441751355
1.950376579554692
0.37056732777670964
0.3844166319255166
-0.6074566378292329
-1.268307735994584
0.8734428155211482
0.558166053260687
1.2881600647077118
-0.8207769345568335
-0.20191416525309738
-0.796059977624205
0.027852308466679104
0.07409874816183636
-0.21539858619015578
0.06076359056956807
0.9666091566026555
-0.7107495760484238
0.2699546823397779
1.0119555733153311
0.7677018054973719
0.7892088886780054
1.1858321065710336
0.16123392053768412
1.8085599829893593
-1.0982646365939166
0.595368813318822
1.148518303791273
-0.47456152900386583
-0.30748338323267344
0.22972782493431215
0.5956725813286993
-0.39750937050871493
-0.380772138584854
0.847804144509941
1.8253747102730238
0.16054619762425745
0.041041572228339096
1.253693284826332
-0.5045967914266661
-0.7666971108523882
-1.677889281518783
-2.150272368726946
-1.266945460048151
-2.2573482948798236
-1.6934505253003616
-2.0399811235518794
0.31079019121110796
-1.1099770856903137
-0.4972636086849927
-1.0812382758211256
0.8788356185840929
2.133535615969104
-1.8440409541492415
-0.9250981937032504
-0.3784894678251124
-0.7349854319546908
-1.6380003922971913
-0.3686723970467549
0.5422257029221677
-0.7599700702454587
-1.3209376036178684
-0.45236819130312095
0.34579235674898146
0.07612805352561622
-0.6509164441635528
1.0181062255939075
-0.19000468240650012
-0.33691025180018647
-2.052880458620356
-1.8034359001788978
-1.3456875427787747
0.11967530507188717
0.3326347554541347
0.5138787757256738
0.1724036966319435
-1.4416004334303867
0.04542221159862615
1.364592473305336
0.6909921509354441
0.11104745627707946
