1.1627644268005415
-0.7321402711486763
1.286867594652398
1.144239522817984
-0.05445658605154386
1.2943469815506154
2.351257353758826
0.5639645202142963
-1.1057799533380863
0.30109832418559934
0.501647441263798
0.3626032190558149
1.0862189029991793
-1.8419473178832604
0.1868619835661126
1.1786581397566194
0.557581047913571
2.5173232217793644
0.6615576996959961
2.5843045655970736
0.8437074610712619
-1.2949046900629344
-0.48595444264093773
-0.005909392712040072
-0.4055184980649289
-2.2204359083155696
-0.6558467436740767
-1.1016236503615144
1.055671876851966
1.4662845105886981
-0.7151628258917445
0.9152598646022125
0.0805716655593948
1.215989166420691
-0.10906192792845341
0.2195348513769521
-0.5405481878739806
-0.5134995070701294
-2.412817959156311
-1.8286913800616345
-0.6744881857711355
0.8855684849917191
0.4828731909435026
0.1784184394613208
0.08398902269981194
-0.41060818284000816
-0.18115902365202993
-0.35770241795855967
0.2585772424478992
1.3290045075640047
-0.5119174949371282
-0.5183693527542864
-1.0971863603768803
-0.7499075834370605
-0.3125961081708141
-0.1704115152122328
2.215226886148414
0.6033732498926639
-1.0574144921617146
-0.11733623234673578
0.9024634355477327
0.07709244222919812
-1.2182520046917538
0.050967209541192424
-0.06667022009769212
-0.9588544990835487
-2.7241739291633564
-1.916009109401352
-0.9061938610135698
0.9061969001291741
0.8025223934873712
1.9826249049954454
-0.4356199882542969
0.8352220351893803
-0.440027090467107
-0.7366743480055594
0.09338494478464181
1.668917813396979
0.43472907758577006
-0.5134195145673318
-0.717779688275569
-1.093607299834023
-0.36633199330449406
-0.014950963223546155
1.591293995790347
0.34652734807905705
0.7495678858066711
-0.7776321683921014
-0.8199180700552501
0.7501953538536228
0.40996833474881395
0.1659698421742226
-0.33826837472743054
1.0135941223879108
-1.6623339975143048
-1.013366035489065
-1.9350613108580488
0.5238515429618988
-0.34115812321661665
1.9876188780420356
0.6737216922307642
1.509038211258571
-0.3991187313892836
-0.5648404217049453
-1.2187788590674347
1.4037211402648102
-0.3347627159534688
0.8180456374185903
0.3982983133420599
-0.36543943946854923
-0.28822413681938164
-1.2461807281739457
0.35393576657099846
1.5524370375640422
-0.5280620617814059
0.9308315716724067
0.5826301067950782
-0.5645000575896509
0.6956931463937462
0.2674730367495662
-0.6981222445893484
-0.22090478992834156
0.7604730790978996
2.0982895183125323
0.038584778856241383
0.850700850289524
-0.6235721830807752
-0.04789637188721851
0.32046197479788013
-1.2498606951983484
-1.5342175388376023
-2.5352592105555707
-0.6371797981509761
0.9088112767476424
-0.5885923291873238
0.6610570886032461
0.8216652832223698
2.864327533890272
1.0169647360228369
0.6075115505174714
-1.235851801194851
-1.6575285436244847
-0.08117374244423432
-0.32594801985861666
-2.0218216161480833
-0.7506958940199284
0.9307081525767897
-0.03437577316104388
0.11386225841386807
1.6116854726112586
0.1783266241102194
0.9304981137537187
0.7180295659164695
-0.7916458723522876
-0.06420725443769251
-0.32228475262433737
-0.6255217646021689
1.0958863956485487
-0.8405045737396093
-0.8383338671087777
-0.22323044229165118
-0.5626801150410307
0.378858425694164
-0.2832483994610819
0.7202967856538292
0.7671065188793029
-0.3689858170852906
0.1815509300354492
-1.0623555249444347
-2.025928412119913
0.31090623146735147
-0.5234950338687671
-0.45399893288167026
0.6637526328098446
-0.0919338342407856
0.4944246099152433
-0.039109867999677965
-1.3486504426530244
0.6099281405820434
0.2304681763295515
-1.5271922451587716
-0.0983150758670423
-0.022643381909809825
0.6630348155087326
-0.7523177189566059
0.09618686629378337
0.3284711492114185
-0.3997236244141932
-0.8983939320457356
-0.5656446927754668
0.027416901623975667
0.13182786763485219
-1.0035513935022085
0.4445475340317733
0.7223004918352355
-0.6862983607285369
