-0.17683459893703873
1.5868188013490354
1.0160651704541417
0.057671808716197225
-0.6354268182100531
-0.07197617470846983
-1.0281054428419723
-0.4893948188614673
1.8060172636853336
0.8832955429462159
0.32523390670437496
-0.47364313099824895
0.3559824722115489
-0.11041386237125779
-0.3181800504202443
-0.49962754837499157
1.3340208914205822
1.6999244729223306
-0.391375153280062
0.26720721213722987
-0.26719689757419046
0.6543820214118594
0.1627845664902195
-1.5524266961086575
-0.7182031509808147
-1.7198023457348346
0.46760842653647733
-0.5791697926406776
-0.8077619671997419
-0.21641037983557113
1.4065512506922875
0.79063386134687
1.7538289860256604
0.23358794582796485
-1.37840856176115
0.003190734765487081
-1.215642282837984
-0.28190175700365916
-0.21957848107045805
0.3392990810047629
0.09527644858497791
-0.2618977087634785
1.2494390234802217
-1.1007242060886555
1.0917514040525467
-0.8685864381215744
0.8570639792206429
-0.5348940393130085
0.472084681975076
1.0746078962085366
-0.7181205398613633
-0.20787016126943392
-1.8666092009588569
0.43572530611582616
-1.3637903198237924
-2.200015618045882
-1.442555698515788
-0.3520566946140088
0.056340219264511104
-0.6059402451666449
-0.6980977634144054
1.1254159145471994
0.2103804284919938
0.9081896034992614
1.2975362629252056
-0.7764665670405956
-1.964931568213858
-0.8416142632202043
0.05622658057229302
-0.6577911623512023
-0.2252720606801575
-1.204841919961263
0.318465219392311
1.1742452072667395
-0.8302383886696456
-1.05386700237391
-0.733342631391508
0.07272689359427326
0.6187907730666536
-0.5975617029662164
0.24270678389378592
-1.4975138367341603
-1.9314850868544895
0.25940152808895195
1.1471641123480705
-0.6617112833879418
-0.8786073707594227
-0.036975304395681675
-2.003539919193919
-0.6558381303011646
-1.3615832951636622
-0.05866606730825934
-1.283656524871125
-0.5029405137651944
-1.2226953719107654
-0.5614223460131308
0.516618150975186
0.35863693657119394
-0.21547297180336075
0.9776822579588026
0.917456630275448
0.35292734303342405
-0.9977590127038994
-1.609517652377529
0.4795928115231448
0.6112088735025335
-0.792443867279969
-1.571470115132823
-0.7149312217395297
1.2822176055206307
0.29148433102370164
2.143270667733624
-1.7407726288027698
-1.1531267557435492
0.932787037101414
0.96880888712235
1.9037107499277435
0.6777588407698198
0.653307084846941
0.040775092887407376
1.445909545382608
0.033166685900074606
0.45237320660221375
0.06313957129786459
0.3845486545373244
1.1524837245407569
-0.9092264003823161
0.02463943746628358
-1.0105291501735765
-0.5169103539698944
0.5652085190052266
1.4717890144213175
-0.3193199085895285
-1.085430227728408
1.1727044110354814
1.3880798006486461
1.0828996566888272
0.7371035325498173
-1.0540270571246044
0.7858505442640825
-2.0061295038789724
-0.6592412516666366
-1.0386229939579035
0.0021422044094224764
-1.415785255707184
0.05596166332165218
-1.0278250541986678
-0.19868524128743154
-0.049468041412013365
-0.2654588501244168
1.7907759923057982
0.36107160992497384
-0.04279799408262978
-0.23776052285524124
-1.272363254574486
0.17260702226742197
0.5965180528321623
-0.5669415423901607
-1.5911161109335241
-2.2430769110621793
-1.4720204461594255
-1.2306265949410584
-0.906576914286431
0.7500448993872233
1.0957970069462906
1.4663141867372338
0.3358382271519542
1.9359014025148469
-0.178127699322866
0.5263239751246864
-0.05904013275280122
0.21273451493006587
0.5765772349274317
-0.3436180116457868
-1.1797138445780542
0.4038036220203696
0.02879098465186939
-0.38262710509510955
1.69668073457389
0.89600924761466
0.270106445112885
0.448328658953683
1.2651206869775404
-0.09075116773944827
1.6239518482396822
1.348859564746709
0.5342403479173643
-0.23185256231374488
-0.27362635214647635
0.426056038384222
1.7475280988019688
-0.02766410063268209
1.9854210890614086
2.6984442289709216
1.1108441518784633
1.4590796174947063
