1.2982280769121506
-0.11850318952680189
1.0958412753566416
0.7585487168261811
2.19423184248566
1.0103998569897816
-0.7403838847221035
-0.4246544758434687
-1.046052298749247
1.3631560375247833
0.5066304400375209
-0.3635975513127959
-1.3066049593087907
0.32897770602418114
-0.16548419894015357
-0.1893289471161726
1.6848105945439698
1.89151440266879
1.1164177773083785
2.656907978079014
1.6622169854328783
-0.5196426110314034
0.6211477270880896
0.6447147190394334
0.4840164746512555
-1.317517569958616
-1.1730424550167768
-1.4637675371702321
-0.9156046785476393
2.017728496675647
2.390504381696552
1.6453203386427657
1.1111833116375063
1.9575994013823568
0.9811242982271375
-0.14262642950182608
-0.4053317314516812
1.510085497915651
-0.23959252689918709
-1.1120458658715064
-0.8024854393455173
-0.15001258965901967
-0.272851909189723
0.4396987061325035
0.955544414506506
0.9375907836015168
0.3213903543424588
-0.46390640353759965
0.42512250552009473
0.2582353977087746
0.8584024739602073
2.200973656513126
-0.24857817382254876
0.40962894835639047
0.1395852207873223
-1.134216290254499
0.21900412178704842
-0.5908079152847105
0.7670540840180005
0.34786293616098596
-0.9197380618124742
-0.43951469444242136
-0.2933502785843717
0.20939636639344214
-0.7864457238510321
1.1960508641904892
-0.7378091268965762
0.826036453356918
0.2130794275470807
0.19881378056947363
0.9938325341385157
-0.20549682173376443
1.4536064854886674
1.393621391765796
-0.23254131851762735
-1.8962534527168415
-0.4004783537155419
-1.0775606392982549
0.3130728235380364
-0.019470232099360944
0.9008699446389448
1.6524170116925097
-0.3193969404666344
-0.9988768619877767
2.1908423620345667
1.1853653552971473
1.9712074796956063
-0.29852436812908817
0.7410359356548649
-0.7431035889633137
-1.0144743703396413
0.5829189990287241
-0.5157213907811403
-0.4807821610581885
0.3623525688556331
1.3360572652504834
-0.05280874433565345
-0.8232451929663201
1.3443569678803118
-0.2171681284251026
0.9633943187939455
-0.7109363024766723
0.3179905339767289
-1.0445566549663854
0.04945467349613812
-0.10871284334634852
-0.664273719819976
-1.739469407406812
0.1350054083510527
-0.7893580314969186
-0.49138551148903864
0.8776222658572731
1.4253431838149748
0.6358797238182521
2.026154394096895
1.034445279291244
1.557774016271477
0.9044054861669416
-1.1124029377504414
1.0481305323817651
0.5129212670654696
-0.3450874369870956
-1.1785329280425272
-1.8084180745846028
0.3307219962697342
0.20167924720412483
1.049525278764762
-0.7564542602523892
0.4394210112851866
1.2737851394777508
-0.3897435120868568
-1.253540473046272
-0.7879215483910208
0.5635870722843943
-0.1637214738702676
0.32903013316869595
-1.350560743265163
-0.5707618750452389
-0.975788486754091
-0.7114220461888268
0.4151616782096158
-0.8560496904691685
-0.5779926614763455
-0.0972968521348001
0.6330544778537902
-0.6101788640540546
0.7156241590410989
-1.0129786394760127
0.5488134331889729
-1.80845285030166
0.2492600778126055
-0.5159014187645422
-0.8146695669109577
-2.027708085841449
-0.5386777154368899
0.428054422989626
-0.3939695921887974
-1.327466540599993
-0.414375271241533
-1.4968368022615743
-0.5786417863300014
-1.1070704913281564
0.7053625730479413
0.4325647129444284
-0.7591870086459331
-1.0732979864874947
-1.5374194745483818
-1.076185656566735
-0.35397759060356926
-1.6435362864792247
-0.8534844680712819
-0.4993598964800606
-1.0708646599026679
-1.1296457081368678
-0.6549371925382712
-0.616860538053766
-0.45040223064024376
0.6800370976899616
-1.7215643058279617
-1.6308705677771413
-1.8102065965964547
-0.00503503072898318
0.3024109339301177
-1.6711531560669703
-0.26032277170984414
-0.6966158528594949
0.20695403921322486
0.6920553989953695
-0.7144466633471173
-0.19132581360765658
0.27360455572347203
0.7280803580418947
-0.49239453830501095
-0.5718866906120098
-1.3134876619071192
0.7455406876888546
