1.0230269304696866
-0.3311747670854298
0.7942912963273514
0.5806089187584973
1.6583265103457472
1.909719191665428
1.7443507906311222
-0.35565702010467765
0.6560302847885725
-0.8174817483922245
-0.4533798696714677
-1.82919284557322
-0.10350779105057953
-1.806789468626562
-0.39243640585590694
0.012929990973830987
-0.02679474585404118
0.0688323603937918
1.132087354979817
-0.3737617899316193
-1.2090261787634653
0.11826282104070208
-1.0846236179705027
0.2113628926081968
-1.0563696392618376
-0.5137308938882061
-1.4652976687727515
-0.7762878712485222
0.6468756803767662
-0.8246180097863398
-1.1132374106271306
0.31929451966058686
1.0619384913341203
1.6364649620455933
-1.281456174911275
-1.0100800516691275
-0.7158860827615305
1.7177163402142201
0.5943591503460578
0.6595137244036965
-0.3734132860091677
0.07518888702368064
-1.1430039479538638
0.35829055387044445
0.059965549538547894
0.6599536827076024
-0.44421071267610357
1.2122447135302816
1.8661551962597966
0.3305564995078266
-0.7052759589877542
0.8292591269075814
1.3965354473100993
0.5000015527896697
0.9059336554778208
0.3106410819869122
-1.1412091221735683
-1.6551805861808073
-1.525136867208182
-1.4841727471533706
1.653774119935232
-0.01083837743106604
0.6845587007692123
0.26189484424069925
-0.746637142101713
1.6834062083092292
1.4143116541964027
0.8879978974337132
1.4642325347354328
1.798310580165461
-1.962183403949268
-0.9040173078666157
-0.283050774285866
-0.3355228625898108
1.909430929438027
1.1014581204673741
-0.7905847259197352
1.317519021221963
-0.5511034916648312
-0.5432347658660083
-1.3034557692206126
-0.6218032808294877
-1.0256118614074794
1.045027767618619
1.1148749018413318
1.481371315137069
0.1497908125319571
-0.0655261789282595
-0.45030881899454833
-0.27154255767166285
-0.28469298728448833
0.5856724343246005
1.4839425144771836
-1.2365415106013284
0.37204401692983685
-0.6794148284863292
0.2007456895540516
-0.47047299440648466
1.5201324647285497
-0.47226490391145437
-0.47454450918385743
-0.5123003862461651
-1.7738596709291872
-0.40174305343501027
-1.2880102695724083
0.1670303735177558
1.4499723526674315
-0.271069859860479
0.3430620095527541
0.8101167970762324
-0.8007155716235448
-0.211000981202128
-1.2210286813202158
0.12274427045386772
-1.185527322391679
1.0529948661308657
0.6885883983002726
-1.121586344932856
-0.3107396080337265
0.16802895207297902
-0.4335771717644719
-0.7655001040701348
-0.15765097133955192
0.45615022691156265
1.902486220162899
0.7153027882462317
0.4421344016996581
-0.9528831988596319
0.8301460625160617
-0.0820758434403352
0.09293779251008645
0.016582942320494207
0.7273156551310928
-0.5998804313608199
0.045190814768074225
1.01696072607417
2.0737194587303405
1.0469187019273842
2.2151826352044828
0.4009994667555765
-0.9241872894189908
-0.1053426953971177
0.7050387245585225
-1.6935243929723132
-1.382793462474552
-2.307717739536663
-1.0260447315624877
-1.504727118337996
0.5337017164773955
-1.0964935732437038
-0.029867187510952395
0.2518002833499288
-0.12226763707738361
-0.5618710429204343
-1.1324521263531124
-0.20531766831173112
0.4723627071039719
-0.556592798772078
-0.7664018262541387
-1.1825389025181121
0.19752675987414936
-0.7642272795401516
0.18126355733803423
0.5721246048920526
0.9834704712360997
-0.5604008495498536
-2.23618317965592
-0.570714100496785
1.1237150956166815
-0.23593013018866044
1.0053947774692602
1.1793364872565057
0.7998588711383067
1.4889028925626675
0.0830133675298173
1.2792862238273992
1.0800877276474596
2.0325480425702116
0.16892973059267816
0.04451117612720083
-2.113317908465034
-0.5054086390670339
-1.696071407046289
-1.0480679459881879
-0.5025977412250161
-0.03574634436473281
0.5118506691084924
-0.10420825815422667
0.6582354617244901
0.4157307910276626
-0.6280310590199992
0.14174450678379483
0.9611637680324112
-1.0607076279080894
-1.327510666748103
-1.2652198796931697
