-0.97999733662858
-0.37016852727576244
0.4124478145798449
-0.35589543512899313
-0.06479709839451328
-0.4580777300704106
0.773175028430634
1.7618174604754357
-0.9048515610100148
1.0014222988767838
-0.48006692082001157
0.9402770327653518
0.35070553561874745
1.3992616795254638
0.1716647340946706
-0.8816498392975282
-1.519729807713806
-0.7491474338685403
-2.1862816609933833
-1.3269890548634218
-0.23663831296750826
0.8515237493891723
-0.26095912078147315
-0.6370144816469633
-0.48106475807848903
1.4318155857171837
1.0947707515191962
-0.7247988539905743
-1.2026291668826052
-1.3714383533112409
0.13680675955012755
-1.0580134609446465
-0.40494634183883227
0.8389872457277792
0.004923472517738359
0.17454186204443872
0.5758809603301159
-0.5258465927589634
0.563852296224541
0.9999258769633848
0.5982173200222556
1.772789490194731
-1.017646326170601
-2.210529226906486
-1.4579621867624313
-1.8052556052249737
0.9549324007079683
-0.13089303851368314
1.1803787008290925
1.777899046534584
1.3098950061659635
1.2906953744172045
1.0755877723516796
-0.8850917156384339
0.5189308522669598
1.7358889361677494
-1.000618970264065
0.2436240255973644
-0.7164492405912221
0.7697386877308701
0.13638203921630837
-0.0429942918492236
0.5399510898041584
1.561191103629787
0.4859509333255755
1.6147730503915816
0.12547746212318805
1.4854470059783502
0.23162612296381438
0.6785836753250505
1.1393501717089585
-1.270192027661153
0.4664874092999578
0.5145117181826446
-1.2518246187655162
0.3029079186649519
-0.47008929014557216
-0.9065448254500991
-1.0651112539298961
-1.3787171480313622
-0.2622345033951686
1.045433863136488
-0.8610120477575579
1.6761058685968278
0.8024753484945194
2.1523082300958505
0.4467984766129871
-1.07227372551113
-0.6330909608520098
0.22423919678215254
0.26834313041092933
-1.4001181817266162
0.12731981936241119
0.26791121560428866
-0.2258993142527414
0.5425871140559602
-0.6636904401231507
-1.3351843278051037
0.3184091922340709
2.4054007291661215
-0.6322595453636339
-0.9030207383012155
-0.6262761489113121
1.0104815392609225
0.7720563406148608
0.7941331983410777
1.6602959914324598
0.7081509752983594
-0.24104683818597109
-1.0846157969844952
0.18874045916070795
-1.1809623359252148
0.7461598711307474
-0.386685772210488
1.5767596789582359
-0.7180479393184258
0.751641873553518
0.9491729452589531
0.03852807912500825
0.07331461572777932
-1.0497091541497108
-0.9131578977929727
-1.5755254869694497
-0.24060814248573806
-0.9468988125288862
0.6964636482071179
-1.532413196383165
-0.560257632693948
1.4381006563564547
2.0727299278209568
0.19660021358388632
0.5730328902121898
-1.2278204760107974
0.6038602252694036
1.2581761848157382
0.5583589373871036
-1.5718545612571966
-0.6335524367892815
-1.1055224511863726
1.0274804723359816
0.3035979463835111
0.7188193904857912
-0.30415521307969395
1.0511167806135802
-0.019005403345567464
1.237196510570813
-0.5655357498531584
-0.8397886676872606
-0.9603031122328927
0.6589210838266008
-0.5243318233043375
0.8103263772697633
-0.6619373338697977
-1.6097472853720163
-0.940305610336864
-0.6343702858870638
-0.01743273789318551
-0.6261936442135277
0.5540793827113687
0.027417847913577088
0.6214227904725105
-0.6141219593186953
-0.015663577422114848
-1.2003223258265148
0.07091777954608779
0.08432515727195215
0.5987112900209917
0.27939085777885747
0.6506783810454769
-1.684402319624162
-0.43183789046575755
-1.5286018590000519
-0.998731713050117
-1.4485701584713633
-1.2484298906112408
0.7029050965180943
0.6435475020725309
1.3030156610809294
0.826880250537856
-0.8731985238226002
-1.2944207705657558
-1.7544476034692416
0.3957032355767898
-0.24427226997326243
0.2575074589523511
-1.6805833821027412
-0.7730946806989242
0.5342868501508458
1.1754454298196404
0.8742804830632926
1.3208881362359903
1.7794914605147911
1.5930851730452162
-1.7330806879618499
0.20318359940239886
-1.6421833197345308
