0.9597958837575825
0.46006340538166274
-0.7053253690664141
-1.6238875416472693
-0.4235389671840489
-0.16067164777392648
0.4684575464524692
1.6273017720998435
-0.8799497077074746
-1.3031058212198934
-0.7677140399055967
-0.36130176469813646
0.8164927422432415
-0.8973799864881624
1.5735257741482398
-0.944327161694989
0.49243049133997685
-1.1484455293988602
-0.4966272797807304
0.5139653583538416
-0.6981186512911144
0.3479326880438148
-0.9051590700808541
0.10119535860024728
-1.3982622814319974
-0.9517458465547166
-1.215668527125003
-0.02554218125334922
0.8119150629630558
-1.0040454267347125
-1.027920953394505
0.09422021704107686
-0.6279598767820167
0.7509150980341054
-0.973065826253217
1.1327181765160148
0.23176789476869752
-0.6090622692514157
0.5038085340224376
-1.0553831967801548
-0.5619165164624198
-1.6330486164481788
1.5297182545687338
-0.7929317207163862
-1.1820175436883291
-0.745818364636689
-0.021240342792667437
1.087878419577849
1.4320901549063336
0.3292105673471647
1.9686460640127998
0.6264475614282515
1.0516454701497886
-0.17897810594808358
-1.959278689241624
-1.7762040200608793
1.072665554057446
0.18187975755125935
-0.6860262267048716
-1.1704077939070556
0.39447243931838477
0.37728033926809346
0.7216952152453354
-0.49985241126548
1.4611100983702916
1.3271492444453794
1.0165502718135844
1.1283930594314693
-1.0002449179992958
-1.2533357795541984
1.7095907351529962
0.5189953934238969
1.6431276072978156
-0.27847700049506713
0.15154371022153296
-0.9886777434704669
0.026116833311382787
-1.1692233419839495
-0.8835625181762867
-0.31331552134233354
-0.6988261979919121
-1.3074044767655921
-2.0637332110950815
0.08756814181719438
0.08151717868397725
-0.7982944785719681
1.147849446562724
-1.20867232928095
0.7327491624239437
1.1323376223726835
-0.9022206661660127
0.12719621238880005
0.00058266702969925
-1.0298720535715904
-0.6984102950138757
0.5114561621908139
-0.2619330169102502
-1.3641639268685557
-1.0807354193480887
0.14355057780844044
0.9493893955589794
-0.3608196559752527
-1.3649279911960908
0.8132788140123646
-1.0498658998406132
0.14106281319930766
-0.9925266626332889
-0.8959806277401291
-1.1943714149232867
-0.7401785208020318
1.1958515759999926
-0.06151512255898262
1.2150774620653988
-0.8737642194973455
0.027668287633361856
-0.536927861089979
-0.9063854799220689
-1.1138506720039025
-0.4949285565500136
-0.6404228713863074
-1.481397455253586
-2.501325182674073
-1.0864492445790772
-0.07559676164679735
0.06986518530210968
0.649751164713559
1.7070319693078968
-0.46489564637482267
-1.0648532507039408
0.9212528663229704
1.4711668925521004
0.8384806050942579
-1.135265922881295
-1.1647390861783693
-1.6972779225748666
-0.9612827690867997
-0.8896004136535914
0.7714670296723641
1.5775195669572577
-0.4580764128460882
0.4847756174212375
1.5066255281495022
0.17078350193234354
1.3949407439888648
-0.1019656671154068
-0.8105092094822837
-0.5322051495729698
-0.9772613293845723
-0.6528368896541413
0.671887667286455
0.4035616229501552
2.3505265687434935
0.7871809996240273
-1.1698360543430983
1.4964525281534284
1.129916138831131
-0.14469434716093488
0.16626170010611976
0.6347690824477136
1.2950854926512168
-0.24447329326744563
-0.9114232358676062
-1.0048308095863148
0.21164716541174325
0.7303989541067485
1.2007361127929712
1.6772730154901405
0.4248107087657321
-0.2522364192747095
0.04586380173288396
1.0146362736248498
1.6832998431640251
0.6102767019035584
0.050647145949182695
0.7515390060422097
-0.5745236014945234
1.1447064984370081
2.0101381919740993
0.08831072714773082
0.7696920696829652
0.005794894172990777
-1.1470671862222421
0.36086933967490253
0.30729750816500745
1.1476018123307614
1.877440410983586
-0.7106184965144242
0.47526499774976144
0.9774306427779537
0.9030508388184718
1.9866693016600894
1.948792055249874
-0.7592995159906313
-0.7791983802464335
0.8279475497060121
1.0119510655897936
