0.4646324221147909
0.03934248557270798
1.0939794904090903
0.26375819052144683
1.6747167825943061
0.2972069191627956
-0.7454145245875227
0.07489108548367875
-1.339103589430506
-0.06502758465324307
-1.4667660409276355
0.24369554941854144
-0.6494583784005215
0.24306352094614445
-1.2737797400522828
-1.2081617754037808
0.7533329965905711
-1.1740209112943991
0.02570395123959779
1.6228036252927187
1.3579621277165108
1.2862002317842496
1.2013212204725385
-0.2885909675386622
-0.9227708953161751
-0.7340922765286803
-1.1794492274885051
-1.8305678367357576
-0.6813527280289441
0.1903931444621707
0.4975532868363653
0.10405277381264658
1.693580944122557
0.25575319874828084
-0.0985956150176446
0.08004817101922637
1.2734682648055444
0.26539411819789294
-0.8748535518087077
0.05268677925608666
-0.8548189533079039
0.26238783558586637
-1.3668488698911596
0.8032593850127668
-1.0558709697947153
0.7844539898924975
-0.8841642469824127
-1.2506944405374438
1.2504926237481946
-0.07493394937303895
-1.0543738477916098
-1.4172654817656165
-0.005288646238060791
-1.13911407923588
-1.219427500287021
0.6528232624453632
-1.285825345635485
-0.033359603054409104
0.49611989740936224
0.21716146629484287
0.3105571683214417
-0.005380382034688933
1.1611320385666624
-0.052232252791166264
-1.6070543979474332
0.28405598576398133
1.5802425067351493
0.05265929045879537
1.5290368032875312
0.29641080691710353
-1.8203619426452853
1.1837373607128405
0.8061299276018841
2.0140537771637184
-0.2946016893600787
-0.8106716599272183
1.655448592790709
-0.8292721654885726
0.5182769447816228
0.04965595921306631
-1.1219837142880407
1.0483957441158183
-0.46069224964041516
2.0296383928964046
-1.7112148145961281
0.16679011646704134
-1.6687861768040249
0.1121806929243827
-1.4767554664440736
0.289064640652788
-1.2311598590680481
0.07932479827366558
1.1171662638990212
0.23345890650926243
-0.30977127969410884
0.08475407549395468
1.7846081215312442
0.0330480587121953
-1.0905988046808932
-0.8611317537851065
-0.5460703455628156
-1.33179083549465
0.3583154802624274
-1.169067248623148
-0.11947526977563891
0.6902303548789995
0.24470084100836445
0.3381882248774403
0.1578691158761551
-0.35771530551239
1.3588013837709243
-1.0513373805849542
0.35173766223786535
0.20942643906369687
1.2753783208030884
0.31897550962088844
2.120505380806753
0.27796352778073047
1.8641102990220986
0.2905443490371316
1.669736352062797
0.09030030836639319
0.5153457958280407
0.1511160263541371
1.343001105054945
0.29962794007210214
-0.07724486406465272
-0.010931888317788819
1.737199486441774
-1.2757174876863844
0.29992647581798126
-1.3474255879679407
0.43720828941925344
0.6780537855848414
2.0435352813880394
1.1623355339893402
-0.24601038095515693
0.8439702490129244
-1.0925172698884629
0.9797801804058119
-2.190168180531546
0.07136571947391437
0.2993128502015774
0.08991670212560555
-1.2329950316432519
0.2316893716279914
-1.2492247093524258
0.05856321656520133
1.8043523017174397
0.04987694166732679
-0.8869436577369886
0.057476281156708935
0.3554590246098166
0.07738934545745589
-1.4780273183224857
1.5830711700562088
0.38591143528929495
-0.39399318949128864
0.2055165462570508
2.2561564631551994
1.195137405951525
0.2703674918619817
-0.9592359677643816
0.2528056674639154
0.3591097374793497
-0.9201358732118362
-0.9111031067576031
-2.083528588140878
-0.8579600024715053
0.12057189533539008
-1.4400615667425476
0.11683072573162272
-0.8223635043960448
-0.025909397159517632
-1.711265094603863
-0.023877295603778634
-1.1105157383261
-0.011168951955188721
1.839821526219553
-0.1865852313424279
-0.5796671602485685
-0.022587510896812515
-1.6515627291314685
0.23038716943685886
-0.022185982799222504
-0.3788834528686176
0.6837442082101387
-0.744013677106103
-0.2705889394894335
-1.8391306243705126
-1.750284568703795
-1.3599079317271343
0.8532414137498
0.9417008874600784
0.9894812717086515
1.8356318500580655
