0.1949247625885734
0.057744671155757966
-0.5974786459378584
-0.9931172608759089
-1.0605699095216508
-0.8848812981523775
-0.5378686788966128
0.6884446707696359
-1.079703698066766
-1.062656564207652
0.11356483798249013
1.359421334285881
0.6356398701692445
1.164023222245901
0.9760788186209675
1.5195800417305518
0.1286872399389195
0.38284181088988056
-2.408677468090643
-2.2795231617236564
-1.012363541240353
-0.24405824750324517
-0.7258275907092626
0.549719344698073
-0.4488988528387897
0.18710848882040557
0.1554748533128619
-0.24154758195181347
0.5573094130452906
2.10569345405026
0.5245385068018776
-0.19920473111607775
-1.4772583373647212
-2.412840172752815
-1.446063534425072
0.9487447347569005
0.6525395648207425
1.3106963241654348
0.22882722514809192
0.8800790097175442
0.6658608475866242
0.8691488931951991
0.5950720145518226
0.11865833087044345
0.9507814597671973
1.0961487175888607
-1.4823916196961753
-0.024181784916453706
-1.4758294546018327
-1.536071486240268
-0.5786619158157496
-0.4871237199964561
-1.3099846758730085
1.2555182388861157
-0.4657504303690947
0.03732037524582126
-0.8592031742442202
-0.3488793709620772
-0.5499549421537656
1.927171116137956
0.21873706235467963
1.2675931696426828
-0.812813570700351
-0.706531566906841
0.11479049348197101
-2.00343274252743
-0.8388463433764534
-0.9293423135342008
0.8886364417849159
0.7711278201543306
0.8650892706872176
-0.3649952099535685
0.34071428442229806
1.0367444553853555
0.2720023550725028
0.850191646078797
0.5300765582037696
-0.17940237119890132
0.4752452230250481
-1.4982401873639133
-0.44608552662251605
1.1224376342508295
1.7404686288855475
0.8912153137114264
0.20089640284474386
-0.19697148162861353
1.134245861561512
-0.10018496664975343
0.7765240302673363
1.9294044361611107
0.6797339248993919
0.10376621597932006
-0.7516636634266392
-0.04198863111005526
0.3726234741712635
-0.25346875538443114
-0.8856395651050905
0.21373914244874903
0.6703255683718441
-1.3395700346556658
-1.4823084472802561
0.7959723265041446
1.713719294621636
0.9227206996021489
0.7628745065729874
0.6622044821842548
1.4151048676322893
0.6337802150527474
1.3693292144046485
-0.9148894535065829
0.1392238074214604
-1.6668144009585668
-0.7469798572438304
-0.9339420235497771
-0.4631407344007746
0.6268970556993055
0.05371343685334449
0.8458660661054019
0.08291576709822247
0.92663850102231
-1.081863377312641
-1.4683783320271238
0.5987038267327589
-1.1208787988061972
-0.6884035791919585
-1.2722079676575855
0.8564682298834829
0.001984125794085446
0.8978678927109344
-2.004403578967011
-1.6157740479978961
-1.0176924524380313
1.4714805222911012
1.3767295549615732
0.1426912561890928
0.20270488527699612
1.9019443624028243
0.43852664284687737
-1.3357680415054338
-1.8357007906234095
-0.9404204591202429
-0.07210846578194259
-0.36610016652548316
-1.578634211122014
-0.8796990031620313
0.48547953193912685
0.411065927188682
0.9375002948144157
0.7093170801121328
0.468800219144573
0.20694924691631003
-0.6519245630834009
-0.029427146361334252
-1.6593799077925029
-0.9007071357028703
0.3551261628706608
-0.4946710501184917
-0.46572946406639826
-1.7740239919570016
-0.13835964646295948
-0.4486171755099601
-0.5014909627798555
0.9406212877819287
-0.1888136691496245
0.993215446219795
0.026110658893077454
-0.697841643162042
-0.11154895214345188
1.1952563585220224
1.5063179293375308
-0.13444414770941662
-1.0084626509868697
-0.5617371397668595
0.7948893269061755
-0.7369810870161911
1.1306180819236245
0.7034281337621381
-0.7303578761022443
0.4739334741273997
1.6911790696487932
-0.27786996683661414
-1.2685314034755448
2.2514344536623487
1.344961731192876
0.9106572999669755
-0.29292028101158807
-0.40970825334805505
-1.4222740040765167
-1.981604632999954
-1.1248265891661249
1.2327263245375704
0.7700354052836608
1.4083418421865652
1.4528433807792858
-0.25583778366100285
-0.21061372095979097
