0.5505352557493721
-1.572258135245177
-0.19774197909422503
-0.9911595599498386
0.34475406112652063
-0.10559024799228653
0.15233529508238225
-2.127613143160034
-1.180921350073901
-1.7713500068606283
-0.025512818317727667
-1.3565793690532177
-1.8546074565023452
-1.3046797346015895
1.701480788943841
-0.7911402785945024
0.6450828647281636
-0.8160229150039474
0.7715148286145064
2.061625247949295
2.539282291037217
1.353944043608018
0.4011306345514255
1.3506273224417975
0.757276783006055
-0.8881677505174194
-2.247759095717602
0.12915571727903358
-0.7749476144211458
0.07646151089239037
0.08814048828743141
0.48658829208109433
1.2604171124826848
2.2820825533092854
0.5794828948884642
1.8557222249364371
0.8291857937665409
1.4374077913587042
0.11469573718526249
-2.176345233052617
-1.033706444058894
0.20839091564634954
0.9174680750277312
0.05077922800420491
-0.15554580312133615
0.4233287686694412
2.1793274717063564
1.1765165144590974
-0.9066683786849071
-0.8613310089224677
-0.3077565653156791
-0.039692961190575714
-1.4672912167865901
-1.8575526676469833
0.036570001445347854
-0.1850686918928289
-0.052070082880745
1.9549519389558265
1.2053629442048135
0.4075972799434238
0.23182588274481994
0.760902625436988
0.026433221233445634
1.5160280193740476
0.37751995495974183
1.280505911040545
0.4324540589421075
0.23611790397215335
-0.6971155106991186
-1.9743402781616726
-1.4030152755287117
0.5249401277024575
1.359518888432206
-0.017464066052680843
0.8395432420434685
1.4333287713492375
0.6616134125330668
0.33888133468209797
-1.267077690245096
-0.5596559150844165
-0.2264861392042599
0.34603499935233833
-0.06003455090806766
-0.7635425424127144
-0.3402785501921298
0.06189818339609011
0.6887507658288747
1.6315302474800188
0.5864982847391452
0.31500373951446337
-0.523493162808822
-0.8538874426905295
-0.6573547515318557
-0.5006381449700906
0.521210696225598
0.005325484545304689
0.21913816303598257
0.7294722940513838
0.26740731863400125
-0.39493232889704244
-0.3910844454744516
-0.6083100936838265
1.0355107024272567
-1.2055860079592404
-1.780984318254934
0.2968609180410969
-0.5962879304255642
0.18829303961590602
0.6025536614590146
0.468007634904359
0.14183863374769204
-1.754950676774085
-0.05376783324548877
-0.018617812962929785
0.470445271215429
0.6925012058110125
0.35676149481646935
-0.5173326797577747
0.1368110341582194
0.05270445670992578
1.0713250650836932
1.3898220494962201
0.21694566161550088
0.3206264249578661
-0.9998226504677094
-0.7240914877626081
0.010568974584993219
0.914575017340043
0.4892224330346616
0.2601089660278748
0.5994616280951771
-0.38495235196100386
-0.5695362111473475
1.1726710041462878
2.350171214399012
0.5338055870704888
0.22847333689797347
-1.3399015293679286
-2.0364848405503886
-0.30911667502362017
-0.4475259545831659
0.18531062958458241
0.07631956018682279
0.1166992799782774
0.03818521330506589
-0.7806175486355045
0.3966104327666278
-0.6451428523959547
1.2934848129785885
1.8081438455642496
0.29907019710913363
-1.1989816135874412
0.10884199330783466
-0.6247899249510991
0.7827801746788078
0.8937951176352761
-1.4448497739037505
0.26473411845317585
0.8725682448319525
1.1457520090749223
-0.8517149784298063
0.5528811596191697
1.3483338624782284
0.4195138024759999
1.4811681158677468
1.1194677110037017
-0.5628363841536772
0.03839856458287144
0.600478442806839
-0.9232296103450744
-1.0252597115235966
-2.1647417931015305
-0.4564317186438017
1.3136929606821737
0.21477602357624184
-0.08110436458212848
-0.8543162090369946
-1.7422194687157124
-1.1570854409054598
-0.8346854922495829
-0.7263832483435485
-0.2991348231646894
0.7272176898659619
0.5033060351387526
-0.5722833045301158
-1.872187687362302
-0.6118108971315578
0.2913262956128701
-0.19625873272475636
-0.09528578939944547
-1.3384318879101915
0.12093092745618417
-0.5041938770872887
-1.9932008705868105
-2.2876150676467306
0.1365845896006681
