1.4391143724672693
1.1659521131975379
1.4927341796442517
1.946856068334497
1.8906584594325981
2.1116305857128754
1.668967797383547
0.7685467002399804
-0.3223595024024079
0.571562418506082
-0.2030761068014807
-1.1774225983796236
-0.5929756810508322
0.8082936938496508
0.2620537924772071
2.106298510531151
0.7517766568583234
2.043607217676201
1.849631589078528
1.8641484761891693
0.766141261291836
0.06959888582734448
1.2957618561083106
-0.07097572022214764
-1.0334935547369886
-0.37910442858435356
-0.9540381635285987
-0.5312899032630416
0.6515604926762978
1.3583449531248544
0.8448379149199403
0.1096540487525591
0.06748781815215092
0.5233197638076516
1.2312067170653556
2.0622964877436636
0.803445098109362
1.333235005451824
1.2112407121751245
0.7734515056430209
0.37606295232399756
-0.9170386597928982
1.3783830443858693
0.4624632491105115
0.6955399543610389
0.916846091165244
-1.3673052067329707
-0.42765667961282716
0.18619592972670035
1.8336234933519224
1.1962585295676127
0.0391867298222495
1.6647217090325022
-0.22800652768560467
-0.44425912899317577
-0.8772810835683206
0.11601204289830926
-0.19342490125601744
0.8501339473413023
1.0913514183723483
-0.9316156558218814
0.02292564903841144
-0.1826651691238889
-1.0560721579313839
0.0013137279074380015
1.1324977358937451
1.2915990189338438
1.41559066256972
0.44503255635183475
0.7801531769760459
0.9302223725903201
0.22246968434885517
1.1072238522401485
-0.6933292818083566
-1.5933963597337395
0.4954959804478492
-0.6010267179094051
-0.6473597706924117
-0.8337292080073907
-0.6009895768401741
-1.1791558337813945
-0.5438386341767298
1.1948027407187136
0.6761509104009472
-0.36529377325659285
-0.8483486089497443
-0.9573366746473251
0.207629053453041
-0.19821902112843706
-0.41315870836834756
0.22616257308799248
-1.0125190917581954
-0.3135302925608234
-1.1222681950413431
-0.6026905332588942
-0.29369682269337294
-0.007464053192312599
-1.6698189163218689
1.1292846405002233
-0.13051463186683268
-0.8361993871377195
0.5123206382901875
0.1913739361231086
1.001826986885806
0.26899339194995214
1.1486300993555805
1.1559824538131263
1.0160564274185595
-0.16880893468298047
-0.9607527337593162
0.533520767461647
-1.833088849535113
0.17380425073486674
-1.752430523746008
-1.05188292721221
-1.3814980329683402
-0.7217954285048092
-0.8280985329600549
0.7046834421877461
0.06736817914022449
-0.5051308034089842
0.21183818169317745
0.4985437975115742
-1.6905923262770008
0.05559180154282287
-1.1342961959733682
0.06299751034277676
-1.3589701839448194
-0.22435757040507362
-0.40866507851806555
-1.0522050750397582
-0.11507351095182052
-0.4877978161366248
0.190440756095149
0.9378713217640896
-0.7992598123832159
-1.4518486447473795
-1.0020230690701848
0.632055569105978
-0.6971083550584539
0.03635477316194227
-0.21332309774092703
-0.38148130248768325
1.1844282480825192
0.5410359763175543
-0.693007938804178
0.8649419218534823
1.7703988440722336
-0.032526884745687226
-1.4115084853409339
-1.1137131489684415
0.0010367300074569457
-0.38444942815624733
-1.6946747953597638
1.5829010601577214
1.4242113070915483
-0.7526267077107199
-0.606299255498377
-0.6575384329053096
0.7793094998770548
-0.2583670009580918
1.1272729681888678
-1.4197486047736405
-1.3574713973005073
-2.5021412908951053
-1.7507370021040034
-1.2508364820298852
-1.8015132429994767
0.8634294832931673
0.6168737149688593
1.1983902006653109
-1.0137267139766555
-0.5233552935385876
-0.7546925078664558
-0.6149546227752938
1.212605527071029
-0.4397173606965189
-1.7225401521910182
-0.5189923896710522
-1.2749368256199736
-0.5626407432923669
-0.14669157380015374
0.8327904668962817
-0.27240317888252813
0.32530492837723196
-0.6801106807968412
-0.5732991661293663
-0.9630057596214153
-0.8533132174023597
0.1322418745062006
0.004075102828064253
-0.6041674348086249
-1.9108325334262886
-0.6262251468351837
-1.7874592366289712
-0.6855923535377965
