-0.8248179202526256
-1.073743092674999
-0.4378962923567738
0.29241874880134944
0.2542350917443252
-0.8065810419123247
0.9841760235216983
0.31028750312822384
0.6906265663769994
-0.5952642598525184
0.9744008822110075
0.6421079044624631
1.3870447739025602
0.25965243084697537
-1.6395771168504996
-0.6247456743652399
-1.44780220589041
-1.1710957617563735
-0.3489952655665811
-0.47577165325063353
-0.8944841801202367
0.48044410171441365
0.0113381886526791
-0.3053595995493564
0.5384168184578538
1.4702546681823185
-0.3529169985149417
-0.7048869914364212
0.0597573897497213
1.3564377364647433
0.873400374851053
-1.2298706924993494
-0.1810075247772552
0.5848614414617396
0.5150019468636164
1.494646765556059
0.32442430175428316
1.2677616446654563
0.20836907270661154
0.46612992925911617
0.21511297242304298
0.22502801926740423
-1.0439248554296032
-0.7240773092252467
-1.0352582841625162
-0.04336322105610619
0.8659010338362638
1.2480291829908425
0.8084936981370664
0.17127506926041675
0.6732442902710989
0.8362484829030642
1.0780188391939163
-0.3336468685560472
1.3198934723684967
1.3270591385671673
-1.3757915936166434
0.3515550493817491
-0.5759607532370058
0.4802806199277907
-0.2264391952281672
-1.3992932868684447
0.28800114342513905
0.3865587504252576
0.9782190467597902
1.3347222975394568
0.1532340943166991
-0.8860692403026056
1.5227497444636566
2.516195217259724
-0.09340736289985632
-1.0217840573832753
-2.308584840495412
-1.577928716745646
-0.7811034616748403
-1.6440335079108714
-1.7180631739112502
0.19193175971697418
-0.7925888943015852
-0.6501015680953772
-1.1213706955271574
-0.5721969830526579
1.1093332699964802
1.4002011640254812
-0.056100150089984445
-0.0686873432217658
-1.462793376391859
-2.6127935308729358
-1.1140340219154157
-1.9325042437326911
-1.0636913072952157
1.2243088896579386
0.07695857997776122
0.5973799426308773
0.3168297762553179
-0.6561656602416643
0.7531313643449316
0.2553991938781805
-0.7623437692483953
-2.078984767762856
-1.2235631911675926
-0.9404307710496463
0.9396983896171789
-0.08923799512471506
0.6958478549555747
-0.13905307858240162
0.5282636821918494
-0.17778442954215337
0.5091911427157345
-1.0128768664553807
-0.7011754881477643
0.1788229140696408
-1.0962357588490041
-2.433935451011931
-0.6160699181166753
-1.2634315324488865
0.6150187289891361
0.652304229479187
0.6709147157070285
-0.2069987432674017
-0.22283575996016255
-0.5130995120934793
-0.8530442474161319
-1.2535543938561382
-0.8063299732457975
-0.7688621001703332
-1.6413009528137703
-0.7690981657704911
-1.9309410185517546
-1.5486856379020597
1.068199220532173
0.6233864520625432
0.5675555197344228
-0.6983710525485038
0.5422709825646604
1.1197498259163117
-1.588825603815785
-1.3110366099765531
-1.3057134576940497
1.4545321186107605
-0.9691775958158594
-0.21416423010391353
-1.2922736025852462
-0.6016157496094078
-0.40087751049202736
0.3029384328952975
0.6968305751258346
-0.9172123291951795
-0.32415347689719126
0.23050509031515198
0.2099883565199807
-1.4302833422088284
0.9708520933220195
-0.004111573132901187
-0.48210394089801045
-1.4563207967372716
0.2446823449997817
0.3190885168454624
1.6392198656154615
1.8521899462783713
0.4048025890869947
0.8027432225873887
-0.5353368774881888
-0.2772264045089242
-0.137249809198982
-0.49241163611480576
1.0183420477494052
2.0071275985301256
0.6487807151647164
-0.12725201943217643
0.867183959715218
-0.16462359904203738
0.6032998662555055
1.4499796129571312
0.6137387447546228
-0.33738874258819423
1.2416481522183689
0.5869650568068213
0.7597488440380008
1.8242169818899776
1.9212126419556934
-0.15427789437134612
2.1582199559547877
1.377597411320802
-0.3257671907520581
0.34757342033189337
1.018322954566417
0.7156636005871536
0.7475960027381627
0.7344485458194445
-0.4244215685892356
1.7865842950761643
-0.22716558269843862
1.8417197636042686
0.8760578088100555
0.11869629399849374
