-0.039503595435819105
0.5105293916286133
-0.11287961937234593
1.0288697340617265
1.4467198270520931
0.6335814657233549
-0.12274967898367943
0.4376757784759006
0.7888867826021544
-1.0040528215591347
0.5308247227726388
0.19043513083242025
0.4432651685805761
-0.48181994874741585
-1.1575714617591646
0.18650726923487376
-1.1531582467427002
1.1923042535281856
0.5546364502529152
1.45055724624755
0.20118944695244417
-1.2813866786003876
0.299310366394141
-2.0393221777737534
-1.4806381986075492
-0.6078665568934647
0.5703487875286332
0.3453821975137
-0.6730622405706311
-0.2327558916162055
-0.9155826650727523
-0.6506412754181611
0.6454960108523679
0.13434579200341273
-0.7253027047373457
-0.619503261237489
-1.150678171668668
-1.782113214310849
-0.4705197871481558
-0.7117115639053316
1.120031887187345
0.43453263305942863
-0.7687373135270166
0.5564812807825618
0.17134014493319782
-0.3178640627609191
0.11868076400692648
-1.4125716094558187
-0.4055086235023535
-0.38281016586680305
-2.184580870744132
-1.8517272237527127
-2.4085249606156314
-1.4601047885307443
-0.5344581097643198
-0.9247644225831159
-0.7397824928839231
0.7485480812824766
1.892484080728535
0.8623490754214319
0.32870912514019157
0.2604520401104144
0.5074218514089834
-0.6713927647468609
-0.003576705307765589
-1.2804622143758906
-1.1055786451849694
-1.8289623422562147
-1.7263354929528292
0.3047521277624881
0.7915904104386299
1.7939174092818355
1.2208226346240039
1.3699695555239522
-0.6191237324271521
-0.5889021924286404
0.3652959262886596
1.1008967095738273
-1.3686118807061638
-1.320684646249345
-1.1242936670482666
-2.675871774764819
-1.612130867930685
0.8921571895222674
1.7635853727873734
1.499163501623405
1.4020805193666765
-0.10066775888654048
1.5494261345081919
0.78934088678125
-0.513499311174883
0.6547856989826718
0.6778843989172871
0.25556944854152897
-1.6990646368614055
-0.8455755668440944
-0.06758871374541449
0.25165387017490715
-0.10493013882908347
-0.22254534306611923
-0.8312138030526471
0.5230315343749742
1.2494004452894063
0.10611607345064128
0.3766869472200786
-0.038614828569401224
-0.6131402304070972
1.3313098681073463
-0.42039555881419144
-0.5806323227562086
-0.8311099650456639
0.9999491824988226
0.9198222194392299
0.44625227280012275
-1.2071720181567487
-0.08873425641170263
-0.02516075333456157
-0.08980891528152216
-0.866475380330616
-0.5341994870312342
0.8530456742280694
0.6288465853768914
-0.6531650388356228
1.1182791025535663
-0.5391780436571882
-0.14117669465828103
-1.1029927386208749
-1.712745757042346
-1.3108588924623108
-1.2854103215350563
0.38192474036366086
1.41198985932804
0.7694824028189099
1.868574945785262
1.2240552241922835
1.682322020509518
0.9214722542350452
0.5125504198229576
1.1717912869120986
-1.2334363544743876
1.2296540613344114
-0.930792015418049
-1.7266125631812657
-0.5929452954999228
-0.7450552454045791
0.31248604686226106
-0.03386590806898708
0.9163152713012181
1.9422969002130683
0.14437839798170135
0.3269435793536728
0.27532758320780854
0.5866227421767171
-0.48938667650087814
1.1369978039535398
1.4061318958369848
0.042828484364640575
-0.58659393146717
-1.0195114734004538
-0.9178932545113547
1.0748848460783935
-0.0017868787626785772
1.2267207338889603
1.1691095934850009
1.4538855649856393
0.21791432288410362
-0.29904328168674316
0.07700451692184761
2.263243122070739
0.6087781863624521
0.6589805331449579
-0.4123780454470098
0.20180113224286847
-1.1503338536090255
0.5417965794538251
0.9248047042996621
0.18840326688263173
-0.5269699660406951
0.11019720201196541
0.7463933244974171
0.8404934315788648
1.116727868881632
1.4280194356137395
-0.23517619378679866
1.5782364963405613
-1.4182011978207456
-1.3712850876212161
-1.8400428342611046
-0.13965035817592472
-0.49360480694774217
0.12632717385899955
1.0669259160153413
-0.882724553547483
-1.0935232495831941
0.16172301398424693
1.4230054587814571
