-0.5056051513332545
-1.710342779631802
0.031604719972253247
-0.9575562023682395
-0.9603433039528559
-1.3058168483231365
0.4720155061867328
-0.6719952519168045
-0.3059015206418758
0.3701184822272869
0.07688453055298129
-0.6892180496801457
-0.5155033833936414
-0.8678341351310866
-2.042446845674659
-0.8740141098998429
-1.1318146215718654
0.08484997964610264
0.6691445831929322
-0.1344799159401418
-0.8050259538459337
0.07131042347614898
-1.3086300685514953
-0.03720138114562927
0.9884383520785147
-0.23758027091574302
1.1045441828887774
0.40955147246651497
-1.1198489707782684
-0.42472710803011343
-0.2942815629417538
-0.3390943730708493
-0.021081422893143603
0.09492357656744914
-0.713284232896387
-0.3314550518782608
-0.4800550494834531
0.4905233852961598
0.7946456010107096
0.1739428366802268
0.16307909820489308
-0.6908592806166965
-1.2396830455989174
-0.6988618342771709
-0.17750002732906678
0.6665042735413143
-0.37775615450257555
0.8551502800986847
-1.8074849823386887
-1.6881962765194396
-1.2456523335451652
1.1713083409623697
-0.5054316492430687
-0.1905609635311332
0.42144191349809346
0.6109053453859126
-0.10173281509194086
0.28692830638932193
1.2377337378127706
0.5733316452629981
0.4032064195192079
0.26302994616157865
-0.49066008059420674
-0.7871724647889616
-0.34607804637582934
1.0200356669071238
1.1889571203716647
1.2993716075149193
0.09932714728929347
0.39421497843208453
0.5378351793783653
-0.11342168262152247
1.4460976748659857
0.21676183856347178
-0.006321479140104644
0.472478002393221
1.0003488689565947
0.6546850525827859
-1.384539388135126
-1.0874372788740028
-0.574206064567583
1.1659024018558382
1.2133486362433206
-1.3177524340520081
0.5733714902383086
0.2261222751157749
0.4174353241763723
0.09317560842305955
1.2584065698544613
0.20759149521754844
-0.3317134661870961
-1.1866716969170468
-0.7445673619527999
0.7117884355830051
0.1586145333965037
1.5245421891008544
-0.05291338490150127
-1.6386191246421664
-0.13147306939031667
0.7524249328609113
-1.2742233279733992
-0.5251977980104283
0.730195880677911
1.7968631048764614
-0.06161175438079684
-0.8183781159437176
0.3500593938799504
1.1198999712053102
0.09862946093050527
-0.15297466799060563
0.12464840819802142
-1.508422597637323
-0.29999958886682104
0.05802293003515402
-0.7166462869058707
-0.4555435660155157
0.6400958849711125
1.955904432586872
0.35695424287434513
-0.5374303636970729
-0.27397144156154907
-0.18873817353147815
0.4799562393820701
0.3988765152998271
-1.2205800578718728
-2.760516053282811
0.2259059791398535
0.9385390026274976
0.6244926491965068
0.06078394330598686
2.0289276139219843
1.8003519696256047
0.25491680403519723
1.0089727812462908
-0.0694900948016972
0.5049798324937285
0.006914214468658138
-1.5455503921721678
-0.2043267682749395
-1.1919667977874584
1.12105754522745
2.1208011263442867
0.9535197824753998
-0.10744220552086423
1.3987536506239604
1.4577048303846947
0.4827055795768068
1.7872644675234202
0.3711111865620657
-1.0461137541602505
-0.6933747369146736
-1.1541366495932968
-0.2848152293542145
-1.4699078332357232
2.106544259772549
1.2130666148997251
2.160685446892778
1.5040382472185327
1.7103609173690355
0.9108921907761615
1.2638189028234232
0.03212652792587476
-0.891525614350617
0.03281836587292135
1.1239673932667797
0.42359017942130756
-0.7462766581156881
-2.6146238567978055
0.9862071502392906
2.4188231298428584
1.2728345749558074
1.4251145630510509
0.5762424181951099
-0.6278966484115482
-0.23816619371514053
-0.94236311687889
-1.5678008825900123
-1.9917721396742705
-0.4294740548850378
-1.8714299052956183
-1.6560290589058926
-0.4352524487206993
0.4012279185807724
1.4120546853877765
1.0778904377433969
1.651026530179817
0.1447225282887382
-0.8367280640608243
-1.2100266402246775
-0.8707411706775635
-1.762810891023647
-1.9292441265180467
-0.46107768386380515
-0.6521762221553272
0.2918505623035867
-0.5164893531313612
