-1.020920169176092
-1.917665199894131
-1.215670705847838
0.32201114253019536
0.9248205196954175
-0.3543486071531348
1.4901861470999007
2.2977566799728875
-0.2504605665614244
1.4162252962805704
0.3229669219063104
-0.31484578022221915
1.055752738779658
0.7977604767431735
-1.2579666036958528
-0.6195234744898487
-1.1274892992719285
-1.5776366500508228
-0.07131364958862034
1.4377279443879674
1.0034736632332584
-0.8572848249625223
0.3639161184700779
0.1876667775585881
0.07778621862076956
-0.9873641553251767
0.2838973026983021
0.538987226086757
0.24482551428516314
0.4667436317069469
0.3138862268617125
-1.2302009837662706
-0.4810148486997217
-1.0397174541000116
-0.2407953543956095
-1.0445386273013626
-0.5847878319374417
-0.5665819286985463
-0.526008896853873
-1.4084195420466854
-0.5226430249768923
-0.991206537695411
0.33975644388927123
0.2744569917282021
-1.2475983973484772
-1.2457146452013406
-0.6009996231521414
-2.046480896282956
-0.9859439522230119
0.07052620734498857
-0.34490771570588685
0.05310852554636551
-1.2539691406971625
-0.5063351564875527
0.6002891322040542
-1.4518534331587918
1.2515168479992242
0.3498364927251639
0.35423957255190125
0.012055877914213288
-1.2611483464499436
-1.352945505469212
0.593258972620506
-0.0829651588512088
0.4032768270222485
0.4705435239865703
0.9237793694218893
-0.34638336776521333
-0.910279100595904
-0.09619511243548401
1.3913041224369815
0.8599194196494849
0.37452114263951586
0.4665917117321163
0.5620988245639368
-0.22392800540177454
0.8381426313705417
1.0982787272531185
1.4693312867672608
1.381659164457168
-0.797709325081496
-1.160547420379159
-0.10991370214201931
0.9604468143752443
0.9996126131904838
-1.405811456781297
-0.053572916864235764
0.7443487189838345
-0.06277315729144296
-0.5478265042612754
-0.32947180928492814
-0.6711874885926886
-0.06409918231320128
-0.805788816674307
0.3603594367114869
0.5754102443094746
-0.755280906251591
0.1748925103311387
-0.4357897235399266
-1.381529500414377
-0.9003794268615813
-0.7305521057720828
-0.7898574028820367
-0.5010510628022538
0.06838847894750427
0.5322411680803901
0.6728791300218886
-0.47035670182426215
-0.12439242162307976
-0.5502588327747747
-0.5084959652853747
1.188022522282343
-0.9950073713274454
0.12214536209895548
-1.0806713116939293
1.1477841303622118
0.5299128905372321
1.1133758220776957
0.4829493623023256
2.1918442490082106
1.2121609874127068
1.2012227441103502
-0.3380860093811005
-0.8739658361563698
-0.48511090486168035
0.3793612182179448
0.01922302367496601
-0.8821161169266809
0.2454981280526105
-0.05219424669979386
0.07498893198528896
0.39818793021902055
1.3666936282784308
2.8842790364625275
1.6532498931898334
0.6895550673878994
1.0112112013136434
0.7787461445799113
0.17353598490058883
0.6243098095737644
1.999398240373937
1.2848606790756212
-1.1786728843137935
-0.6987436997218038
0.9194100586981272
1.1878935430366158
1.3272647450872213
1.4251541120169382
0.4541558205397864
0.7106766598859815
-1.0302836887556308
-1.2422476645755265
1.2930387801001688
0.9934455186596653
0.23381918521359282
1.5357181298597056
-0.1934282513975945
-1.5689632930142718
0.548401617661191
-0.08668972919655353
1.4332916834567069
0.20894977971535952
-0.10628844373405137
0.6386343704543435
-0.4855054960934507
-1.5560703700181524
-0.37229772257228133
-1.5921272555404933
0.06037596884037376
0.5062075319556978
-1.1746399623323813
-1.1150959650340821
1.1037127713480186
1.772662343884449
2.158774097568298
1.2937975442488978
0.466599988392044
-0.3415044458601065
-1.9580168050652869
-1.8945359545778997
-2.614018244443539
-2.877968460425431
0.6239556509145043
-0.40434416203181855
-0.17093670500523192
-1.5539242038840169
1.279817040540744
0.5333950917935035
-0.5525949250834288
-0.3338869619266107
0.9920847296529559
0.1229167366722057
0.5255635700636391
0.20890130994115708
-1.6977230277768096
-1.2742386223116529
