-0.5452360055883722
0.05291851516785126
0.9531437227254447
-0.3634659345394757
1.8313351381784868
1.4565026799931104
-0.14773957784843536
0.15306000513544474
-1.098842641464572
-0.6976121599672832
-0.9242948471117056
-2.2737768695178118
-1.9297430144999208
-2.086546113507803
0.579800017632193
0.004668563152999783
0.28833083739285437
-0.9712664646883543
0.22145481329915273
2.0000955180651854
0.3037392842498159
0.5135241242276362
-1.1311900316117138
0.46701452074206623
-0.32217700370792934
-1.8485360567053017
-1.7131987036324963
-1.3749480296451388
0.183570399580118
0.8153335545807151
0.31446949834859567
0.5814511483995068
0.586510421968083
0.8682262991601749
0.6781544245156216
-0.4858832457924472
-1.216999608708245
0.7000483300065836
-1.1635906714687083
-0.6419270687390557
-0.37668805386376575
-1.847952949990463
0.5892227695510921
2.0612012019861656
1.006752266600301
0.9155403128614613
-0.5096293194502038
0.09136625311385471
-0.1920170891757571
-0.04723186048816663
0.33021132032283557
-0.9476126592353159
-0.7403743946192911
-0.031851860506825
-1.875941906031098
-0.3130638770573025
0.3991218646272459
0.31094569830510005
-0.3135791828807214
-0.5768404276866548
-0.17852288135896718
0.9045686005539838
1.9603112756992656
0.7213500786933399
1.7409706108384786
0.28798528499816084
-0.760761838353717
-1.6202859533520189
-1.1435763721353949
-2.159999971781686
1.4770115813329996
0.49149122176456567
1.0675599891915404
0.7210806982827106
0.3065118455130294
1.0188084944253464
1.2920354842773056
-0.24469850191113773
0.56209178822009
0.8563417549012817
-0.16311054386485885
-1.0961499971388875
-0.9550972235523958
0.048342651512044615
1.4473094438595586
2.417064525093532
1.861741318118484
0.7091554815236746
0.7408918051864256
-0.20917050173233315
-0.19787654097504148
-0.7694707424550039
1.0827872164292949
0.9143237304892115
-1.413184294267611
-0.24633170281992864
0.13906794732287875
0.4146444467489304
2.068299409955713
1.7307778187654619
1.0709879773814506
1.1976838715383444
0.7670074211066567
1.5852877395285991
-0.19546896334994485
-0.3750091977744414
0.16318797234338023
0.6788109502132043
-1.1960172412361194
-1.0671085562311662
0.5877245155887778
-0.4466220246117797
0.642587300808054
1.5220585433579945
0.8267337411388429
1.3549071947675406
-0.09678217596750673
0.8378610919008106
-1.344430387615835
-1.5186793848917766
0.1136019898353931
-1.4711770760894085
0.02828211980338746
-1.167180710641594
-0.7375817240651921
-1.0722205596666972
1.2861773922273134
-0.16624614858989548
0.9536635021582933
0.11627303193289135
0.4216627395379858
-0.5544195236125466
-0.934454766035387
-0.2738920087444335
-1.2395230582574261
-1.4186548690986966
-0.1846956364091668
-1.646208975610995
0.7539444809080569
0.23821314506916969
0.5619387216176095
0.7164023937305434
1.0498719224885749
0.6932962491783683
-1.0125216713440903
-1.514761191439406
-1.1033527485757104
-2.008714243670832
-0.7535948207740162
-0.13713354548672177
0.1922797631706047
-0.5275264985849454
0.45966626502138164
-1.390404048665698
0.9243094248168205
1.0221679398563766
0.018142147056646005
0.5335270832271941
-0.03601863980669151
-1.818087338338959
-0.9220984858946305
0.24521210668062043
0.5113178736054376
0.16406057901985296
-0.2626200217217453
0.5186867390991902
-0.19735207998957807
-2.088003339270399
-0.5696705112515581
0.39102354162948977
-0.15106453389059396
-0.5748815337459771
-0.30971740356978783
-1.0817024100777042
-1.7767400252436298
-1.0465343827087281
1.0832436790917754
0.8427739088214832
0.18580926378900012
1.0537511188332742
1.2939364049939748
-0.849925110343446
0.7757805175054382
0.14254405925744446
0.04989882910621911
-0.8444484607827505
-0.8505846679861583
0.30265332113149124
0.63417576189528
-0.9191169775979753
1.030678670883101
2.043843360960321
0.9292861700274389
-0.2790184412554003
0.016409579272066956
0.22637869144625838
