-1.1373561465085147
-0.377504803256477
-1.1738387251841076
-1.1795549600294482
-0.6928011345837417
0.2655691261314116
-0.5140457922054327
-1.3351153163867795
-1.0674482183346239
-0.8484812051897184
-0.7697249747307541
-1.1966434893465343
-0.528427359952577
0.3045995731427419
-0.5483161676086249
-0.2053754416943221
-0.1557350868555435
-0.29291795562198913
0.6106122428712961
-0.6061352149276749
0.33884067442234894
-1.1270976932842094
-0.3122330021493025
-0.9251974721549321
-0.642875900749352
-0.4544884084417187
-1.6230999917163211
-0.7239761661966919
-0.015487130608198221
-0.5964250510725437
-0.08689488231362402
0.3505868929532152
0.7176718572953503
0.5933782081266723
-0.32283961999136435
-0.18850609804961393
-2.043467124176294
-1.0666398340502046
-0.8571438313106631
-1.4472611216884472
-0.9577767434828027
-1.9143976451641955
1.7796509826621556
0.7515126631374189
0.9358735801684402
0.9380808163734761
1.226825431763268
0.8007016869389935
-1.0597412373855195
-0.745929360000018
-2.086526737766668
-1.5860519170312828
-1.304801061426244
-0.6803763726960242
-1.275603439236332
-1.3661378831876396
1.214616885940257
-0.41574047900284483
0.19440757043569865
1.9071015100311788
1.3288743727338581
-0.44844403498965957
-0.6828364756015672
-0.8778467347504766
-0.6146983717532937
-0.01122455418235503
-0.5716072304854862
-0.9891222827037813
-0.6827689720201449
-1.3216903449578805
0.9773032088436904
0.18035789892570578
0.5650255186644945
0.9752335266779458
0.4144055307958523
0.7288552130916085
0.10427488950795623
-1.1176617523502548
-0.9355900679677955
-0.1711723671467522
0.14459834564329616
-0.3629292910534367
-1.619776247065812
-1.6601661470137432
0.669377524631627
0.8369364015319635
1.8218427093673262
1.2028795720258827
0.18473610936707024
1.4974923029565677
0.5309136758100079
-0.26959319368133217
-1.514430774867192
-0.11178772202488906
-1.3672053363292225
-0.8362251847959528
-0.28014065845310615
-0.29113549193813515
0.4146120561441072
1.8752770198351076
1.3850446938602043
1.0134354896089468
1.3893952880110347
0.405168733156421
0.8048310268137501
-0.43671904103981746
-1.3258877799638555
-0.9615056104797065
-0.9571506587740263
-0.9467163211853454
-2.0423789645064643
-1.5518500131556334
2.0436245857653597
3.013818850084561
2.013936686336856
1.8096242466230263
-0.08610975424828365
-0.7481219176899411
-1.2387432211195752
-0.1382374921480011
0.5060947220152079
0.09113887593429908
0.15567588740916366
-0.3777908339071885
-1.3881016020376598
-0.18772434349809125
0.8801500328339191
2.0002478066821587
1.5631767306978002
1.01137468308118
-0.5196734378878004
-0.5858304932977854
-0.20698429762094506
-0.43905906472604883
-0.19111673154896633
-0.008853364537398276
-1.0345705741535038
-1.2103511307172317
-1.150089954970786
-0.42804732580367233
1.3107322876883463
0.8109819156951642
2.199170588816046
0.7487696097811718
0.7552749812982645
0.39138585622012334
0.5466652754267192
-0.08616235468524373
0.7603798049629016
0.480557186909808
0.09951224961512878
0.4550055784640536
0.5278955929024151
0.6849329548957845
0.9592530485510888
1.0822201371816307
0.7532739059215753
1.041841118048412
1.155293208659579
0.18498554986398658
-0.4155271685379659
-0.29735040386230294
-0.22206787788605767
-0.42030284145501784
0.38195908057001005
-0.011614144113158177
0.07462824322326746
0.5136670659838907
2.323103976353532
0.7359887135447765
1.8568872338202378
1.5451692069948177
-0.09095707636953113
-0.5556002181987029
-0.18629938000616356
-0.05774886338888245
-0.2242994530726757
-0.4473770527179993
-0.7720993796434702
0.17152501550593655
-0.0292305340017897
0.18210105290800457
2.479324165055276
1.8244656594095459
0.845200948956313
0.9346238950329194
-0.05177843538421973
1.0539139198803933
1.5164172653688703
0.6895165174093857
0.21689188638825493
-0.37462039364417776
-0.6042290870480665
-0.3530903927317138
-0.5616637378846595
-0.6454544586378655
