0.20725658945717368
0.9112207162827135
0.19806695871377591
1.0068567976407707
0.30326451960503037
0.3157465048416488
-0.2723895948618243
1.3943114348568093
2.0132532305537025
2.3332924723185333
1.723857357270657
1.8707146732124453
0.8055782972992743
0.0393230168402631
2.4127860983107734
1.8004072592569087
-0.38099944862908336
0.4190215509652473
0.63226311478671
-0.4177229536058844
1.2003246057990737
0.7041129805225802
0.994236368609006
0.3586946135274945
-0.18144349941625887
0.4781278815658931
0.03165666681690153
1.4640329735360353
1.9227739994094768
0.966241936736766
0.384109922308632
0.5220762334532495
0.39777471363063516
-0.5875399524606456
0.2978104671390856
-0.18147980845078962
1.2311269320693654
1.282444102899937
0.12250596464459931
0.5304864870703676
1.5638250733443566
1.404552093329608
1.8379284440180352
0.3506895334692372
1.6911345695950826
0.37145643752124546
0.13198215127941584
0.7115587620008306
1.0372218844418486
-0.05401703028505096
0.7952264817065625
0.03607652774871992
0.37376234025656535
0.8060447303352736
1.1123553219531828
1.7596509320091083
2.3073665283407703
2.19977060059038
0.9992204974036458
-0.3882245750733951
0.003899915489318471
-0.5907837816965261
0.7326374867354337
1.60049917854575
1.3713776091533247
-0.1878771086638476
-0.0007301088938496987
1.643744520246207
0.47144387166865787
-0.06686525567830913
1.1547837344493697
1.4762183121125871
0.8032796441599871
0.12379841920860127
-0.11101130151497873
-0.24287704608752453
0.6044809289658142
1.2466409620599002
-0.44058157924529917
-0.619642895152387
0.43627027757796855
0.6488278767211232
0.6011036261116904
0.2537317205052057
0.9770141350068904
-0.8201408083713017
-0.42101306498307345
-0.3371236356840843
-0.20348270284410666
-0.7444411963286041
0.5272637354876458
-0.13615791477870534
0.11863920262019438
0.20469107614761106
-0.2015646661787933
1.3034676774985443
0.1553634149604987
0.20834766136776742
0.9945426376756515
-1.0836503264169604
-1.29072384228739
-1.5318259879052012
0.21079963787987144
-0.2086710734822373
-0.4046690034558623
-0.04048893846530978
0.04355577717818375
0.523782427537477
0.26410980588497734
-0.1023680181363456
0.23569057204168428
1.0929671292676293
-0.1431766479196994
-0.71490688352987
-0.7093539922972952
-1.8695132271084605
-0.03320547000312699
0.5184394407961529
-0.801352556040594
-1.071394507409551
-1.5472318105263725
0.4727665289330422
-0.5648588621507438
-0.6687116086330281
1.0420564123151295
1.7268797588110865
-0.6245332520191806
-1.4343377812582236
-1.811688756025954
-1.1249520527956038
-0.5529721153448247
-0.6584124757826044
-1.7530707802036236
-2.034861755383982
-0.8923964662802804
-1.248150441769381
-2.154564705293846
-0.9701050354717
-0.007887071652361886
0.5854804446718737
0.14461254573863602
-1.7741096831122882
-0.6042125961931816
-1.0909563987510849
-0.7303732630293185
-2.0501451580334527
-1.599210474568175
-2.1029407116869074
-0.8532308902496473
-0.4674934751053273
-1.0976441828481736
-0.1429008522842439
-0.20451363506912817
-0.6274688270912484
-0.8656696180841154
-0.9635576455233481
-1.0505387788329508
-0.5751124177626065
-1.5729953021756893
-1.7120568364294813
-1.7105821661753813
-0.41743721864533706
0.44516953603260256
0.2650964110946729
0.27682021490885533
-1.3425657291236193
-0.307566644143137
-0.5641151403927747
-1.4112435671231254
-1.0845707876674082
-1.3182497031432703
-1.7832713622063256
-0.26007652146717475
-0.33973813365576183
-0.2524087779545799
0.9750661089383117
-0.15605512317486323
0.2161442920331584
0.35083136294151596
-0.5478269524643721
-1.1185299611630302
-1.6826894631825788
-0.5184122813163556
-0.33112729150574366
-0.642181979822309
-0.8633127649548872
-1.6744720284289858
-0.2040562719980928
-0.9221504022581247
0.0970775368970241
-0.5155694918476794
-0.19009634975922549
0.45603628492484616
-0.8402882034096761
-0.5409424265577987
-1.104217340291939
