0.005109965067405697
-0.014636383543634432
0.18938360428112178
0.04761320196909321
-0.6200375164768763
0.1284470971304209
-0.384191409331931
0.04336264863245549
-2.424533801140778
0.11866620103338184
-0.6061430972945502
0.022177165368406773
1.3257517938536183
-0.06678472569954712
-0.6846437558228695
-1.9668434240541233
-0.3485952267317816
-1.71411791946259
-0.21328674593265917
1.0100770032641975
-1.2273932047168268
1.1686338080593
-1.6148058425228253
0.6889691927596555
-1.806791794531279
-0.8455438774783376
1.7203599753206773
-1.2116207574700049
0.8986523870597526
0.06689052164462621
-0.07697839054044466
-0.10062937838561432
-0.8087877912876339
0.015301961799586728
1.050467934554156
0.06715553665558632
0.47837642936141866
-0.09711327097400851
-0.7340956613189359
-0.21343510932234627
-0.7783001700695823
0.11436343155875509
1.0799827886321918
1.1976306934187158
-0.5937319930886377
-1.6681348626517614
-1.46622602817738
0.4793671924700658
-1.8366566464067513
-1.2282737386158336
1.7585589539540933
1.672676949819131
-1.5600096173636593
0.46173260775581587
1.9444015547637896
1.3159316546293658
1.5729576550204911
-0.17161629074610416
-1.575926332920577
0.028924095296122162
-1.9121265060708554
0.21892063872266082
-0.7631971499023755
0.05715958951612725
-1.0013383260341062
0.014271939454165931
0.6468878257873764
0.03465392320939535
0.1296590044179698
-0.08273537981659783
-0.1857371991673006
0.3781181377817648
0.3675867435610164
0.6042365401350116
-0.04732913823064003
-0.7462099094780044
-0.7087930253802841
-0.5397144600716903
-1.5778008149498721
0.3849506890014111
0.3627854569862395
-0.11871130653276682
1.0316828503734088
0.22981946642600534
1.0189152450383097
0.0427978128146332
-1.3077592535548355
-0.07435033454891429
1.0058715995360192
0.0364018892022298
0.2902915182036502
0.30954987787168026
-0.773420301633336
0.15216351393577177
-0.9547278703108885
0.18744522519690696
0.5507025832905625
-0.05243900464115377
0.8575047339528177
0.9925240773971821
-1.0251466009671077
-1.5682461638511012
1.3002896287801962
1.978866214333081
1.3441924339309226
-0.4349414165214267
0.23966794904318875
1.214177200951538
0.11595598561749645
-1.5323828392294219
-1.631725472632205
-1.3967967038685973
-0.1973637624749346
0.15953465076858234
1.229223880676434
0.021037667887382778
-0.4579597135766449
0.19359142036690813
-0.18905593227440293
0.04390843984720553
-1.3815123417663768
0.039228094913429566
0.5171732440912357
0.05072417575287773
-1.8664374654056568
-0.15715073750244063
1.8870437233027104
0.994862434792159
-1.3091053813330846
0.5462631833184532
0.7670828349955314
0.6816255538637622
-1.2498976433842837
-1.3147243790834144
0.7946232001205791
-0.6103052993341579
0.180233084724655
-0.41028196221357693
0.32543468571518397
-1.7104188240194822
-0.4269004508489602
-0.033743152743307754
-0.8409993706675796
-0.17767174547415973
0.613004878322364
0.1775861920751646
-0.21681582791148413
0.07166201363763765
-0.3032776682698283
-0.13514708199511483
-0.4877401248803587
-0.21081532519018317
0.3399210552820512
-0.06251367350484327
1.8751010218478024
2.6937882483670275
1.3244508506005843
-0.4812573077894194
1.683913594668725
2.2413236681184867
0.1951558618940539
2.271154708926955
1.4577778994536954
1.8589167956636947
-1.5274466957495516
1.1901666828104727
-0.5682105140811486
1.8312467265583192
0.9814135115725613
-0.152507016355748
0.30326013943252794
0.0512425804590967
1.8304928361510198
0.17104587214108802
1.5436850379146787
0.043870413822327294
0.4638782408992164
0.15017070761852186
-0.8531132549253915
0.04573756147073386
0.5187919802370013
0.04632956409504813
-0.43044607558407
1.5910109738296567
-0.1663761845684588
0.9675553459125713
-1.3776519285387299
-1.321556920893918
0.5702563308326725
-0.8721508762916139
-1.065214783197404
-2.196050739650343
-0.7670862753016786
-1.4142604895800506
0.6360996591717571
-0.9028946606915261
